001|001|001|0900|01/11/2019|Digital|0,0,0,0,0,1,1,1,0|1,1,1,1,0,0,0,0,0|1,1,0,0,1,1,0,0,0|1,1,1,1,1,1,1,0,0|1,1,1,1,1,1,1,0,0|1,1,1,1,0,1,1,1,0|1,1,1,1,1,1,1,1,1|1,1,1,1,1,1,1,1,1|
001|002|001|1200|01/11/2019|Digital|0,0,0,0,0,0,0,0,0|0,0,0,0,0,1,1,1,1|0,0,0,0,0,1,1,1,1|1,1,1,1,1,1,1,0,0|1,1,1,1,1,1,0,0,0|1,1,1,1,1,1,1,1,1|1,1,1,1,1,1,0,1,1|1,1,0,1,0,1,1,1,1|
001|003|001|1500|01/11/2019|3D|0,0,0,0,0,0,0,0,0|0,0,0,0,0,0,0,0,0|0,0,0,0,0,1,1,1,1|0,0,0,0,0,0,0,0,0|0,0,0,1,1,1,1,1,1|1,1,1,1,1,0,0,1,0|1,0,1,0,1,0,1,0,1|0,0,0,0,0,1,1,1,1|
001|004|001|1700|01/11/2019|IMAX|0,0,0,0,0,0,0,0,0|0,0,0,0,0,0,0,0,0|0,0,1,0,0,0,0,0,1|1,0,0,0,1,0,0,0,0|0,0,0,1,0,0,0,0,0|0,0,0,0,1,0,0,0,0|0,1,0,1,1,0,0,1,1|1,0,0,1,1,1,0,0,1|
001|005|001|1900|01/11/2019|Digital|0,0,0,0,0,0,0,1,1|0,0,0,0,0,1,1,1,0|0,0,0,0,0,1,1,1,1|0,0,0,1,1,1,0,0,0|1,0,0,0,1,0,1,0,1|1,0,0,0,0,0,0,1,1|0,0,0,0,1,1,1,1,0|1,0,1,0,1,0,1,1,1|
001|006|001|2030|01/11/2019|3D|0,0,0,0,1,0,0,0,1|0,0,1,1,0,0,1,0,1|0,0,0,0,1,1,1,0,0|1,1,1,0,0,0,1,1,1|1,0,0,1,0,1,0,0,0|0,0,1,1,0,0,1,0,1|1,0,1,0,0,0,0,0,0|0,0,0,1,1,1,1,1,1|
001|001|001|0900|02/11/2019|Digital|0,0,0,0,0,1,1,1,0|1,1,1,1,0,0,0,0,0|1,1,0,0,1,1,0,0,0|1,1,1,1,1,1,1,0,0|1,1,1,1,1,1,1,0,0|1,1,1,1,0,1,1,1,0|1,1,1,1,1,1,1,1,1|1,1,1,1,1,1,1,1,1|
001|002|001|1200|02/11/2019|3D|0,0,0,0,0,0,0,0,0|1,0,1,1,0,0,0,0,0|1,1,0,1,1,0,0,1,0|1,0,0,1,1,0,1,0,0|1,1,1,0,1,0,1,0,1|1,0,0,1,0,0,0,1,0|1,1,1,0,1,0,0,0,0|1,1,0,0,0,0,0,0,0|
001|003|001|1500|02/11/2019|3D|0,0,0,0,0,1,1,1,0|0,1,0,0,0,1,1,1,0|1,0,1,0,1,0,1,1,0|1,0,0,1,0,1,0,0,1|1,1,1,1,1,1,1,1,0|0,0,1,1,0,1,0,0,0|0,0,1,1,1,1,0,0,0|1,1,1,1,1,1,1,1,1|
001|004|001|1700|02/11/2019|IMAX|0,0,0,0,0,0,0,0,0|0,0,0,0,0,0,0,0,0|0,0,1,0,0,0,0,0,1|1,0,0,0,1,0,0,0,0|0,0,0,1,0,0,0,0,0|0,0,0,0,1,0,0,0,0|0,1,0,1,1,0,0,1,1|1,0,0,1,1,1,0,0,1|
001|005|001|1900|02/11/2019|Digital|0,0,0,0,0,0,0,0,0|0,0,0,0,0,0,0,0,0|0,0,0,0,0,0,0,0,0|0,0,0,0,0,0,0,0,0|0,0,0,0,0,0,0,0,0|0,0,0,0,0,0,0,0,0|0,0,0,0,0,0,0,0,0|0,0,0,0,0,0,0,0,1|
001|006|001|2030|02/11/2019|3D|0,0,0,0,0,0,0,0,0|0,0,0,0,0,0,0,0,0|0,0,0,0,0,0,0,0,0|0,0,1,1,1,1,1,0,0|0,0,1,1,1,1,1,0,0|0,0,1,1,1,1,1,0,0|0,0,0,1,1,1,1,0,0|0,0,0,1,1,1,1,1,0|
001|001|001|0900|03/11/2019|3D|0,0,0,0,0,0,0,0,0|0,0,0,0,0,1,1,1,1|0,0,0,0,1,1,1,0,0|1,1,1,1,0,0,0,0,0|0,0,0,0,0,1,1,1,1|0,0,0,0,0,0,1,1,1|1,1,1,0,1,1,1,1,0|1,0,1,1,1,1,1,0,0|
001|002|001|1200|03/11/2019|Digital|0,0,0,0,1,0,0,0,1|0,0,1,1,0,0,1,0,1|0,0,0,0,1,1,1,0,0|1,1,1,0,0,0,1,1,1|1,0,0,1,0,1,0,0,0|0,0,1,1,0,0,1,0,1|1,0,1,0,0,0,0,0,0|0,0,0,1,1,1,1,1,1|
001|003|001|1500|03/11/2019|3D|0,0,0,0,0,0,0,0,0|0,0,0,0,0,0,0,0,0|0,0,0,0,0,0,0,0,0|0,0,0,0,0,0,0,0,0|0,0,0,0,0,0,0,0,0|0,0,0,0,0,0,0,0,0|0,0,0,0,0,0,0,0,0|0,0,0,0,0,0,0,0,0|
001|004|001|1700|03/11/2019|Digital|1,1,0,0,0,0,0,0,0|0,0,0,0,0,0,0,0,1|1,1,0,0,1,1,0,0,0|1,0,1,0,1,1,0,0,1|1,0,0,0,1,0,0,1,0|1,1,1,1,0,0,0,0,0|0,0,0,0,1,1,1,0,0|0,0,0,0,0,0,0,0,0|
001|005|001|1900|03/11/2019|Digital|0,0,0,0,0,0,0,0,0|0,0,0,0,0,0,0,0,0|0,0,0,0,0,0,0,0,0|0,0,1,1,1,1,1,0,0|0,0,1,1,1,1,1,0,0|0,0,1,1,1,1,1,0,0|0,0,0,1,1,1,1,0,0|0,0,0,1,1,1,1,1,0|
001|006|001|2030|03/11/2019|IMAX|0,0,0,0,0,0,0,0,0|0,0,0,0,0,0,0,0,0|0,0,0,0,0,1,1,1,1|0,0,0,0,0,0,0,0,0|0,0,0,1,1,1,1,1,1|1,1,1,1,1,0,0,1,0|1,0,1,0,1,0,1,0,1|0,0,0,0,0,1,1,1,1|
001|001|001|0900|04/11/2019|Digital|0,0,0,0,0,0,0,1,1|0,0,0,0,0,1,1,1,0|0,0,0,0,0,1,1,1,1|0,0,0,1,1,1,0,0,0|1,0,0,0,1,0,1,0,1|1,0,0,0,0,0,0,1,1|0,0,0,0,1,1,1,1,0|1,0,1,0,1,0,1,1,1|
001|002|001|1200|04/11/2019|Digital|0,0,0,0,0,0,0,0,0|0,0,0,0,0,0,0,0,0|0,0,0,0,0,1,1,1,1|0,0,0,0,0,0,0,0,0|0,0,0,1,1,1,1,1,1|1,1,1,1,1,0,0,1,0|1,0,1,0,1,0,1,0,1|0,0,0,0,0,1,1,1,1|
001|003|001|1500|04/11/2019|3D|0,0,0,0,0,0,0,0,0|0,0,0,0,0,1,1,1,1|0,0,0,0,0,1,1,1,1|1,1,1,1,1,1,1,0,0|1,1,1,1,1,1,0,0,0|1,1,1,1,1,1,1,1,1|1,1,1,1,1,1,0,1,1|1,1,0,1,0,1,1,1,1|
001|004|001|1700|04/11/2019|IMAX|0,0,0,0,0,0,0,0,0|0,0,0,0,0,1,1,1,1|0,0,0,0,1,1,1,0,0|1,1,1,1,0,0,0,0,0|0,0,0,0,0,1,1,1,1|0,0,0,0,0,0,1,1,1|1,1,1,0,1,1,1,1,0|1,0,1,1,1,1,1,0,0|
001|005|001|1900|04/11/2019|Digital|0,0,0,0,0,0,0,0,0|0,0,0,0,0,0,0,0,0|0,0,0,0,0,0,0,0,0|0,0,0,0,0,0,0,0,0|0,0,0,0,0,0,0,0,0|0,0,0,0,0,0,0,0,0|0,0,0,0,0,0,0,0,0|0,0,0,0,0,0,0,0,1|
001|006|001|2030|04/11/2019|3D|0,0,0,0,0,1,1,1,0|1,1,1,1,0,0,0,0,0|1,1,0,0,1,1,0,0,0|1,1,1,1,1,1,1,0,0|1,1,1,1,1,1,1,0,0|1,1,1,1,0,1,1,1,0|1,1,1,1,1,1,1,1,1|1,1,1,1,1,1,1,1,1|
001|001|001|0900|05/11/2019|Digital|0,0,0,0,1,0,0,0,1|0,0,1,1,0,0,1,0,1|0,0,0,0,1,1,1,0,0|1,1,1,0,0,0,1,1,1|1,0,0,1,0,1,0,0,0|0,0,1,1,0,0,1,0,1|1,0,1,0,0,0,0,0,0|0,0,0,1,1,1,1,1,1|
001|002|001|1200|05/11/2019|Digital|0,0,0,0,0,1,1,1,0|0,1,0,0,0,1,1,1,0|1,0,1,0,1,0,1,1,0|1,0,0,1,0,1,0,0,1|1,1,1,1,1,1,1,1,0|0,0,1,1,0,1,0,0,0|0,0,1,1,1,1,0,0,0|1,1,1,1,1,1,1,1,1|
001|003|001|1500|05/11/2019|3D|0,0,0,0,0,0,0,0,0|0,0,0,0,0,1,1,1,1|0,0,0,0,0,1,1,1,1|1,1,1,1,1,1,1,0,0|1,1,1,1,1,1,0,0,0|1,1,1,1,1,1,1,1,1|1,1,1,1,1,1,0,1,1|1,1,0,1,0,1,1,1,1|
001|004|001|1700|05/11/2019|IMAX|0,0,0,0,0,0,0,0,0|0,0,0,0,0,0,0,0,0|0,0,0,0,0,0,0,0,0|0,0,0,0,0,0,0,0,0|0,0,0,0,0,0,0,0,0|0,0,0,0,0,0,0,0,0|0,0,0,0,0,0,0,0,0|0,0,0,0,0,0,0,0,1|
001|005|001|1900|05/11/2019|Digital|1,1,0,0,0,0,0,0,0|0,0,0,0,0,0,0,0,1|1,1,0,0,1,1,0,0,0|1,0,1,0,1,1,0,0,1|1,0,0,0,1,0,0,1,0|1,1,1,1,0,0,0,0,0|0,0,0,0,1,1,1,0,0|0,0,0,0,0,0,0,0,0|
001|006|001|2030|05/11/2019|3D|0,0,0,0,0,0,0,0,0|0,0,0,0,0,0,0,0,0|0,0,0,0,0,0,0,0,0|0,0,0,0,0,0,0,0,0|0,0,0,0,0,0,0,0,0|0,0,0,0,0,0,0,0,0|0,0,0,0,0,0,0,0,0|0,0,0,0,0,0,0,0,0|
001|001|001|0900|06/11/2019|Digital|0,0,0,0,0,1,1,1,0|1,1,1,1,0,0,0,0,0|1,1,0,0,1,1,0,0,0|1,1,1,1,1,1,1,0,0|1,1,1,1,1,1,1,0,0|1,1,1,1,0,1,1,1,0|1,1,1,1,1,1,1,1,1|1,1,1,1,1,1,1,1,1|
001|002|001|1200|06/11/2019|Digital|0,0,0,0,0,0,0,0,0|0,0,0,0,0,0,0,0,0|0,0,0,0,0,1,1,1,1|0,0,0,0,0,0,0,0,0|0,0,0,1,1,1,1,1,1|1,1,1,1,1,0,0,1,0|1,0,1,0,1,0,1,0,1|0,0,0,0,0,1,1,1,1|
001|003|001|1500|06/11/2019|3D|0,0,0,0,1,0,0,0,1|0,0,1,1,0,0,1,0,1|0,0,0,0,1,1,1,0,0|1,1,1,0,0,0,1,1,1|1,0,0,1,0,1,0,0,0|0,0,1,1,0,0,1,0,1|1,0,1,0,0,0,0,0,0|0,0,0,1,1,1,1,1,1|
001|004|001|1700|06/11/2019|IMAX|0,0,0,0,0,0,0,1,1|0,0,0,0,0,1,1,1,0|0,0,0,0,0,1,1,1,1|0,0,0,1,1,1,0,0,0|1,0,0,0,1,0,1,0,1|1,0,0,0,0,0,0,1,1|0,0,0,0,1,1,1,1,0|1,0,1,0,1,0,1,1,1|
001|005|001|1900|06/11/2019|Digital|0,0,0,0,0,0,0,0,0|0,0,0,0,0,1,1,1,1|0,0,0,0,0,1,1,1,1|1,1,1,1,1,1,1,0,0|1,1,1,1,1,1,0,0,0|1,1,1,1,1,1,1,1,1|1,1,1,1,1,1,0,1,1|1,1,0,1,0,1,1,1,1|
001|006|001|2030|06/11/2019|3D|0,0,0,0,0,0,0,0,0|0,0,0,0,0,0,0,0,0|0,0,1,0,0,0,0,0,1|1,0,0,0,1,0,0,0,0|0,0,0,1,0,0,0,0,0|0,0,0,0,1,0,0,0,0|0,1,0,1,1,0,0,1,1|1,0,0,1,1,1,0,0,1|
001|001|001|0900|07/11/2019|Digital|0,0,0,0,0,0,0,0,0|0,0,0,0,0,0,0,0,0|0,0,0,0,0,0,0,0,0|0,0,0,0,0,0,0,0,0|0,0,0,0,0,0,0,0,0|0,0,0,0,0,0,0,0,0|0,0,0,0,0,0,0,0,0|0,0,0,0,0,0,0,0,1|
001|002|001|1200|07/11/2019|IMAX|0,0,0,0,0,0,0,0,0|0,0,0,0,0,1,1,1,1|0,0,0,0,1,1,1,0,0|1,1,1,1,0,0,0,0,0|0,0,0,0,0,1,1,1,1|0,0,0,0,0,0,1,1,1|1,1,1,0,1,1,1,1,0|1,0,1,1,1,1,1,0,0|
001|003|001|1500|07/11/2019|3D|0,0,0,0,0,0,0,0,0|0,0,0,0,0,0,0,0,0|0,0,0,0,0,0,0,0,0|0,0,1,1,1,1,1,0,0|0,0,1,1,1,1,1,0,0|0,0,1,1,1,1,1,0,0|0,0,0,1,1,1,1,0,0|0,0,0,1,1,1,1,1,0|
001|004|001|1700|07/11/2019|IMAX|0,0,0,0,0,0,0,0,0|0,0,0,0,0,0,0,0,0|0,0,0,0,0,1,1,1,1|0,0,0,0,0,0,0,0,0|0,0,0,1,1,1,1,1,1|1,1,1,1,1,0,0,1,0|1,0,1,0,1,0,1,0,1|0,0,0,0,0,1,1,1,1|
001|005|001|1900|07/11/2019|Digital|0,0,0,0,0,1,1,1,0|1,1,1,1,0,0,0,0,0|1,1,0,0,1,1,0,0,0|1,1,1,1,1,1,1,0,0|1,1,1,1,1,1,1,0,0|1,1,1,1,0,1,1,1,0|1,1,1,1,1,1,1,1,1|1,1,1,1,1,1,1,1,1|
001|006|001|2030|07/11/2019|3D|0,0,0,0,0,0,0,0,0|0,0,0,0,0,1,1,1,1|0,0,0,0,1,1,1,0,0|1,1,1,1,0,0,0,0,0|0,0,0,0,0,1,1,1,1|0,0,0,0,0,0,1,1,1|1,1,1,0,1,1,1,1,0|1,0,1,1,1,1,1,0,0|
001|001|002|0900|01/11/2019|Digital|0,0,0,0,0,1,1,1,0|1,1,1,1,0,0,0,0,0|1,1,0,0,1,1,0,0,0|1,1,1,1,1,1,1,0,0|1,1,1,1,1,1,1,0,0|1,1,1,1,0,1,1,1,0|1,1,1,1,1,1,1,1,1|1,1,1,1,1,1,1,1,1|
001|003|002|1130|01/11/2019|3D|0,0,0,0,0,0,0,0,0|0,0,0,0,0,1,1,1,1|0,0,0,0,0,1,1,1,1|1,1,1,1,1,1,1,0,0|1,1,1,1,1,1,0,0,0|1,1,1,1,1,1,1,1,1|1,1,1,1,1,1,0,1,1|1,1,0,1,0,1,1,1,1|
001|005|002|1400|01/11/2019|Digital|0,0,0,0,0,0,0,0,0|0,0,0,0,0,0,0,0,0|0,0,1,0,0,0,0,0,1|1,0,0,0,1,0,0,0,0|0,0,0,1,0,0,0,0,0|0,0,0,0,1,0,0,0,0|0,1,0,1,1,0,0,1,1|1,0,0,1,1,1,0,0,1|
001|006|002|1600|01/11/2019|Digital|1,1,0,0,0,0,0,0,0|0,0,0,0,0,0,0,0,1|1,1,0,0,1,1,0,0,0|1,0,1,0,1,1,0,0,1|1,0,0,0,1,0,0,1,0|1,1,1,1,0,0,0,0,0|0,0,0,0,1,1,1,0,0|0,0,0,0,0,0,0,0,0|
001|002|002|1730|01/11/2019|3D|0,0,0,0,0,0,0,0,0|0,0,0,0,0,0,0,0,0|0,0,0,0,0,1,1,1,1|0,0,0,0,0,0,0,0,0|0,0,0,1,1,1,1,1,1|1,1,1,1,1,0,0,1,0|1,0,1,0,1,0,1,0,1|0,0,0,0,0,1,1,1,1|
001|006|002|2000|01/11/2019|IMAX|0,0,0,0,0,0,0,0,0|0,0,0,0,0,0,0,0,0|0,0,1,0,0,0,0,0,1|1,0,0,0,1,0,0,0,0|0,0,0,1,0,0,0,0,0|0,0,0,0,1,0,0,0,0|0,1,0,1,1,0,0,1,1|1,0,0,1,1,1,0,0,1|
001|003|002|0900|02/11/2019|Digital|0,0,0,0,1,0,0,0,1|0,0,1,1,0,0,1,0,1|0,0,0,0,1,1,1,0,0|1,1,1,0,0,0,1,1,1|1,0,0,1,0,1,0,0,0|0,0,1,1,0,0,1,0,1|1,0,1,0,0,0,0,0,0|0,0,0,1,1,1,1,1,1|
001|004|002|1100|02/11/2019|Digital|0,0,0,0,0,1,1,1,0|0,1,0,0,0,1,1,1,0|1,0,1,0,1,0,1,1,0|1,0,0,1,0,1,0,0,1|1,1,1,1,1,1,1,1,0|0,0,1,1,0,1,0,0,0|0,0,1,1,1,1,0,0,0|1,1,1,1,1,1,1,1,1|
001|002|002|1300|02/11/2019|3D|1,1,0,0,0,0,0,0,0|0,0,0,0,0,0,0,0,1|1,1,0,0,1,1,0,0,0|1,0,1,0,1,1,0,0,1|1,0,0,0,1,0,0,1,0|1,1,1,1,0,0,0,0,0|0,0,0,0,1,1,1,0,0|0,0,0,0,0,0,0,0,0|
001|006|002|1530|02/11/2019|Digital|1,0,1,0,1,0,1,0,1|1,1,0,0,1,1,0,1,1|1,1,0,0,1,1,0,1,1|1,1,0,0,1,1,0,1,1|1,1,0,0,1,1,0,1,1|1,1,0,0,1,1,0,1,1|1,1,0,0,1,1,0,1,1|1,1,0,0,1,1,0,1,1|
001|001|002|1700|02/11/2019|Digital|0,0,0,0,0,1,1,1,0|1,1,1,1,0,0,0,0,0|1,1,0,0,1,1,0,0,0|1,1,1,1,1,1,1,0,0|1,1,1,1,1,1,1,0,0|1,1,1,1,0,1,1,1,0|1,1,1,1,1,1,1,1,1|1,1,1,1,1,1,1,1,1|
001|005|002|1930|02/11/2019|3D|0,0,0,0,0,0,0,0,0|0,0,0,0,0,0,0,0,0|0,0,0,0,0,1,1,1,1|0,0,0,0,0,0,0,0,0|0,0,0,1,1,1,1,1,1|1,1,1,1,1,0,0,1,0|1,0,1,0,1,0,1,0,1|0,0,0,0,0,1,1,1,1|
001|003|002|0900|03/11/2019|Digital|0,0,0,0,0,0,0,0,0|0,0,0,0,0,1,1,1,1|0,0,0,0,0,1,1,1,1|1,1,1,1,1,1,1,0,0|1,1,1,1,1,1,0,0,0|1,1,1,1,1,1,1,1,1|1,1,1,1,1,1,0,1,1|1,1,0,1,0,1,1,1,1|
001|006|002|1100|03/11/2019|Digital|0,0,0,0,0,0,0,0,1|1,0,0,0,0,0,0,0,0|0,0,0,0,1,1,1,1,0|1,1,1,0,0,0,1,1,1|1,1,1,1,0,1,1,1,1|1,0,0,1,0,1,0,0,1|1,0,1,0,1,0,1,0,0|1,1,1,1,1,1,1,1,1|
001|004|002|1230|03/11/2019|3D|0,0,0,0,0,0,0,0,0|0,0,0,0,0,0,0,0,0|0,0,0,0,0,0,0,0,0|0,0,0,0,0,0,0,0,0|0,0,0,0,0,0,0,0,0|0,0,0,0,0,0,0,0,0|0,0,0,0,0,0,0,0,0|0,0,0,0,0,0,0,0,1|
001|002|002|1430|03/11/2019|IMAX|0,0,0,0,0,0,0,0,0|0,0,0,0,0,0,0,0,0|0,0,0,0,0,0,0,0,0|0,0,0,0,0,0,0,0,0|0,0,0,0,0,0,0,0,0|0,0,0,0,0,0,0,0,0|0,0,0,0,0,0,0,0,0|0,0,0,0,0,0,0,0,0|
001|001|002|1700|03/11/2019|Digital|1,1,0,0,0,0,0,0,0|0,0,0,0,0,0,0,0,1|1,1,0,0,1,1,0,0,0|1,0,1,0,1,1,0,0,1|1,0,0,0,1,0,0,1,0|1,1,1,1,0,0,0,0,0|0,0,0,0,1,1,1,0,0|0,0,0,0,0,0,0,0,0|
001|005|002|1930|03/11/2019|Digital|0,0,0,0,0,0,0,0,0|0,0,0,0,0,0,0,0,0|0,0,1,0,0,0,0,0,1|1,0,0,0,1,0,0,0,0|0,0,0,1,0,0,0,0,0|0,0,0,0,1,0,0,0,0|0,1,0,1,1,0,0,1,1|1,0,0,1,1,1,0,0,1|
001|006|002|0900|04/11/2019|Digital|0,0,0,0,0,0,0,0,0|0,0,0,0,0,0,0,0,0|0,0,0,0,0,0,0,0,0|0,0,1,1,1,1,1,0,0|0,0,1,1,1,1,1,0,0|0,0,1,1,1,1,1,0,0|0,0,0,1,1,1,1,0,0|0,0,0,1,1,1,1,1,0|
001|005|002|1030|04/11/2019|Digital|1,0,1,0,1,0,1,0,1|1,1,0,0,1,1,0,1,1|1,1,0,0,1,1,0,1,1|1,1,0,0,1,1,0,1,1|1,1,0,0,1,1,0,1,1|1,1,0,0,1,1,0,1,1|1,1,0,0,1,1,0,1,1|1,1,0,0,1,1,0,1,1|
001|004|002|1200|04/11/2019|IMAX|0,0,0,0,0,0,0,0,0|0,0,0,0,0,0,0,0,0|0,0,0,0,0,1,1,1,1|0,0,0,0,0,0,0,0,0|0,0,0,1,1,1,1,1,1|1,1,1,1,1,0,0,1,0|1,0,1,0,1,0,1,0,1|0,0,0,0,0,1,1,1,1|
001|003|002|1400|04/11/2019|Digital|0,0,0,0,0,0,0,0,0|1,0,1,1,0,0,0,0,0|1,1,0,1,1,0,0,1,0|1,0,0,1,1,0,1,0,0|1,1,1,0,1,0,1,0,1|1,0,0,1,0,0,0,1,0|1,1,1,0,1,0,0,0,0|1,1,0,0,0,0,0,0,0|
001|002|002|1600|04/11/2019|Digital|0,0,0,0,0,1,1,1,0|0,1,0,0,0,1,1,1,0|1,0,1,0,1,0,1,1,0|1,0,0,1,0,1,0,0,1|1,1,1,1,1,1,1,1,0|0,0,1,1,0,1,0,0,0|0,0,1,1,1,1,0,0,0|1,1,1,1,1,1,1,1,1|
001|001|002|1830|04/11/2019|3D|0,0,0,0,0,0,0,0,1|1,0,0,0,0,0,0,0,0|0,0,0,0,1,1,1,1,0|1,1,1,0,0,0,1,1,1|1,1,1,1,0,1,1,1,1|1,0,0,1,0,1,0,0,1|1,0,1,0,1,0,1,0,0|1,1,1,1,1,1,1,1,1|
001|003|002|0900|05/11/2019|Digital|0,0,0,0,0,0,0,0,0|0,0,0,0,0,1,1,1,1|0,0,0,0,1,1,1,0,0|1,1,1,1,0,0,0,0,0|0,0,0,0,0,1,1,1,1|0,0,0,0,0,0,1,1,1|1,1,1,0,1,1,1,1,0|1,0,1,1,1,1,1,0,0|
001|004|002|1100|05/11/2019|Digital|1,1,0,0,0,0,0,0,0|0,0,0,0,0,0,0,0,1|1,1,0,0,1,1,0,0,0|1,0,1,0,1,1,0,0,1|1,0,0,0,1,0,0,1,0|1,1,1,1,0,0,0,0,0|0,0,0,0,1,1,1,0,0|0,0,0,0,0,0,0,0,0|
001|005|002|1300|05/11/2019|Digital|0,0,0,0,0,0,0,1,1|0,0,0,0,0,1,1,1,0|0,0,0,0,0,1,1,1,1|0,0,0,1,1,1,0,0,0|1,0,0,0,1,0,1,0,1|1,0,0,0,0,0,0,1,1|0,0,0,0,1,1,1,1,0|1,0,1,0,1,0,1,1,1|
001|006|002|1430|05/11/2019|Digital|0,0,0,0,0,0,0,0,0|1,0,1,1,0,0,0,0,0|1,1,0,1,1,0,0,1,0|1,0,0,1,1,0,1,0,0|1,1,1,0,1,0,1,0,1|1,0,0,1,0,0,0,1,0|1,1,1,0,1,0,0,0,0|1,1,0,0,0,0,0,0,0|
001|001|002|1600|05/11/2019|3D|1,0,1,0,1,0,1,0,1|1,1,0,0,1,1,0,1,1|1,1,0,0,1,1,0,1,1|1,1,0,0,1,1,0,1,1|1,1,0,0,1,1,0,1,1|1,1,0,0,1,1,0,1,1|1,1,0,0,1,1,0,1,1|1,1,0,0,1,1,0,1,1|
001|002|002|1830|05/11/2019|IMAX|0,0,0,0,0,0,0,0,0|0,0,0,0,0,0,0,0,0|0,0,0,0,0,1,1,1,1|0,0,0,0,0,0,0,0,0|0,0,0,1,1,1,1,1,1|1,1,1,1,1,0,0,1,0|1,0,1,0,1,0,1,0,1|0,0,0,0,0,1,1,1,1|
001|003|002|0900|06/11/2019|Digital|0,0,0,0,0,0,0,0,0|0,0,0,0,0,1,1,1,1|0,0,0,0,0,1,1,1,1|1,1,1,1,1,1,1,0,0|1,1,1,1,1,1,0,0,0|1,1,1,1,1,1,1,1,1|1,1,1,1,1,1,0,1,1|1,1,0,1,0,1,1,1,1|
001|005|002|1100|06/11/2019|Digital|0,0,0,0,0,0,0,0,1|1,0,0,0,0,0,0,0,0|0,0,0,0,1,1,1,1,0|1,1,1,0,0,0,1,1,1|1,1,1,1,0,1,1,1,1|1,0,0,1,0,1,0,0,1|1,0,1,0,1,0,1,0,0|1,1,1,1,1,1,1,1,1|
001|006|002|1230|06/11/2019|IMAX|0,0,0,0,0,0,0,0,0|0,0,0,0,0,0,0,0,0|0,0,0,0,0,1,1,1,1|0,0,0,0,0,0,0,0,0|0,0,0,1,1,1,1,1,1|1,1,1,1,1,0,0,1,0|1,0,1,0,1,0,1,0,1|0,0,0,0,0,1,1,1,1|
001|002|002|1400|06/11/2019|Digital|0,0,0,0,0,0,0,0,0|0,0,0,0,0,1,1,1,1|0,0,0,0,1,1,1,0,0|1,1,1,1,0,0,0,0,0|0,0,0,0,0,1,1,1,1|0,0,0,0,0,0,1,1,1|1,1,1,0,1,1,1,1,0|1,0,1,1,1,1,1,0,0|
001|001|002|1630|06/11/2019|3D|0,0,0,0,0,1,1,1,0|0,1,0,0,0,1,1,1,0|1,0,1,0,1,0,1,1,0|1,0,0,1,0,1,0,0,1|1,1,1,1,1,1,1,1,0|0,0,1,1,0,1,0,0,0|0,0,1,1,1,1,0,0,0|1,1,1,1,1,1,1,1,1|
001|004|002|1900|06/11/2019|Digital|0,0,0,0,0,1,1,1,0|1,1,1,1,0,0,0,0,0|1,1,0,0,1,1,0,0,0|1,1,1,1,1,1,1,0,0|1,1,1,1,1,1,1,0,0|1,1,1,1,0,1,1,1,0|1,1,1,1,1,1,1,1,1|1,1,1,1,1,1,1,1,1|
001|004|002|0900|07/11/2019|Digital|0,0,0,0,0,0,0,0,0|0,0,0,0,0,1,1,1,1|0,0,0,0,0,1,1,1,1|1,1,1,1,1,1,1,0,0|1,1,1,1,1,1,0,0,0|1,1,1,1,1,1,1,1,1|1,1,1,1,1,1,0,1,1|1,1,0,1,0,1,1,1,1|
001|001|002|1100|07/11/2019|Digital|0,0,0,0,0,1,1,1,0|0,1,0,0,0,1,1,1,0|1,0,1,0,1,0,1,1,0|1,0,0,1,0,1,0,0,1|1,1,1,1,1,1,1,1,0|0,0,1,1,0,1,0,0,0|0,0,1,1,1,1,0,0,0|1,1,1,1,1,1,1,1,1|
001|002|002|1330|07/11/2019|3D|0,0,0,0,1,0,0,0,1|0,0,1,1,0,0,1,0,1|0,0,0,0,1,1,1,0,0|1,1,1,0,0,0,1,1,1|1,0,0,1,0,1,0,0,0|0,0,1,1,0,0,1,0,1|1,0,1,0,0,0,0,0,0|0,0,0,1,1,1,1,1,1|
001|003|002|1600|07/11/2019|Digital|0,0,0,0,0,0,0,0,0|1,0,1,1,0,0,0,0,0|1,1,0,1,1,0,0,1,0|1,0,0,1,1,0,1,0,0|1,1,1,0,1,0,1,0,1|1,0,0,1,0,0,0,1,0|1,1,1,0,1,0,0,0,0|1,1,0,0,0,0,0,0,0|
001|006|002|1800|07/11/2019|IMAX|0,0,0,0,0,0,0,0,0|0,0,0,0,0,1,1,1,1|0,0,0,0,1,1,1,0,0|1,1,1,1,0,0,0,0,0|0,0,0,0,0,1,1,1,1|0,0,0,0,0,0,1,1,1|1,1,1,0,1,1,1,1,0|1,0,1,1,1,1,1,0,0|
001|005|002|1930|07/11/2019|IMAX|0,0,0,0,0,1,1,1,0|1,1,1,1,0,0,0,0,0|1,1,0,0,1,1,0,0,0|1,1,1,1,1,1,1,0,0|1,1,1,1,1,1,1,0,0|1,1,1,1,0,1,1,1,0|1,1,1,1,1,1,1,1,1|1,1,1,1,1,1,1,1,1|
001|001|003|0900|01/11/2019|Digital|0,0,0,0,0,0,0,0,0|0,0,0,0,0,0,0,0,0|0,0,0,0,0,0,0,0,0|0,0,0,0,0,0,0,0,0|0,0,0,0,0,0,0,0,0|0,0,0,0,0,0,0,0,0|0,0,0,0,0,0,0,0,0|0,0,0,0,0,0,0,0,0|
001|005|003|1130|01/11/2019|Digital|0,0,0,0,0,0,0,0,0|0,0,0,0,0,0,0,0,0|0,0,0,0,0,0,0,0,0|0,0,0,0,0,0,0,0,0|0,0,0,0,0,0,0,0,0|0,0,0,0,0,0,0,0,0|0,0,0,0,0,0,0,0,0|0,0,0,0,0,0,0,0,1|
001|003|003|1300|01/11/2019|3D|0,0,0,0,0,0,0,0,1|1,0,0,0,0,0,0,0,0|0,0,0,0,1,1,1,1,0|1,1,1,0,0,0,1,1,1|1,1,1,1,0,1,1,1,1|1,0,0,1,0,1,0,0,1|1,0,1,0,1,0,1,0,0|1,1,1,1,1,1,1,1,1|
001|002|003|1500|01/11/2019|Digital|0,0,0,0,0,0,0,0,0|0,0,0,0,0,1,1,1,1|0,0,0,0,0,1,1,1,1|1,1,1,1,1,1,1,0,0|1,1,1,1,1,1,0,0,0|1,1,1,1,1,1,1,1,1|1,1,1,1,1,1,0,1,1|1,1,0,1,0,1,1,1,1|
001|006|003|1730|01/11/2019|IMAX|0,0,0,0,0,1,1,1,0|0,1,0,0,0,1,1,1,0|1,0,1,0,1,0,1,1,0|1,0,0,1,0,1,0,0,1|1,1,1,1,1,1,1,1,0|0,0,1,1,0,1,0,0,0|0,0,1,1,1,1,0,0,0|1,1,1,1,1,1,1,1,1|
001|004|003|1900|01/11/2019|IMAX|0,0,0,0,1,0,0,0,1|0,0,1,1,0,0,1,0,1|0,0,0,0,1,1,1,0,0|1,1,1,0,0,0,1,1,1|1,0,0,1,0,1,0,0,0|0,0,1,1,0,0,1,0,1|1,0,1,0,0,0,0,0,0|0,0,0,1,1,1,1,1,1|
001|003|003|0900|02/11/2019|IMAX|0,0,0,0,0,1,1,1,0|0,1,0,0,0,1,1,1,0|1,0,1,0,1,0,1,1,0|1,0,0,1,0,1,0,0,1|1,1,1,1,1,1,1,1,0|0,0,1,1,0,1,0,0,0|0,0,1,1,1,1,0,0,0|1,1,1,1,1,1,1,1,1|
001|002|003|1100|02/11/2019|Digital|0,0,0,0,0,0,0,0,0|1,0,1,1,0,0,0,0,0|1,1,0,1,1,0,0,1,0|1,0,0,1,1,0,1,0,0|1,1,1,0,1,0,1,0,1|1,0,0,1,0,0,0,1,0|1,1,1,0,1,0,0,0,0|1,1,0,0,0,0,0,0,0|
001|004|003|1330|02/11/2019|Digital|0,0,0,0,1,0,0,0,1|0,0,1,1,0,0,1,0,1|0,0,0,0,1,1,1,0,0|1,1,1,0,0,0,1,1,1|1,0,0,1,0,1,0,0,0|0,0,1,1,0,0,1,0,1|1,0,1,0,0,0,0,0,0|0,0,0,1,1,1,1,1,1|
001|001|003|1530|02/11/2019|Digital|0,0,0,0,0,0,0,0,0|0,0,0,0,0,1,1,1,1|0,0,0,0,0,1,1,1,1|1,1,1,1,1,1,1,0,0|1,1,1,1,1,1,0,0,0|1,1,1,1,1,1,1,1,1|1,1,1,1,1,1,0,1,1|1,1,0,1,0,1,1,1,1|
001|006|003|1800|02/11/2019|3D|0,0,0,0,0,0,0,0,0|0,0,0,0,0,0,0,0,0|0,0,0,0,0,0,0,0,0|0,0,0,0,0,0,0,0,0|0,0,0,0,0,0,0,0,0|0,0,0,0,0,0,0,0,0|0,0,0,0,0,0,0,0,0|0,0,0,0,0,0,0,0,1|
001|005|003|1930|02/11/2019|3D|0,0,0,0,0,0,0,0,1|1,0,0,0,0,0,0,0,0|0,0,0,0,1,1,1,1,0|1,1,1,0,0,0,1,1,1|1,1,1,1,0,1,1,1,1|1,0,0,1,0,1,0,0,1|1,0,1,0,1,0,1,0,0|1,1,1,1,1,1,1,1,1|
001|003|003|0900|03/11/2019|Digital|0,0,0,0,0,0,0,0,0|0,0,0,0,0,0,0,0,0|0,0,0,0,0,0,0,0,0|0,0,0,0,0,0,0,0,0|0,0,0,0,0,0,0,0,0|0,0,0,0,0,0,0,0,0|0,0,0,0,0,0,0,0,0|0,0,0,0,0,0,0,0,1|
001|005|003|1100|03/11/2019|IMAX|0,0,0,0,0,0,0,0,0|0,0,0,0,0,0,0,0,0|0,0,0,0,0,0,0,0,0|0,0,0,0,0,0,0,0,0|0,0,0,0,0,0,0,0,0|0,0,0,0,0,0,0,0,0|0,0,0,0,0,0,0,0,0|0,0,0,0,0,0,0,0,0|
001|006|003|1230|03/11/2019|3D|0,0,0,0,0,0,0,0,1|1,0,0,0,0,0,0,0,0|0,0,0,0,1,1,1,1,0|1,1,1,0,0,0,1,1,1|1,1,1,1,0,1,1,1,1|1,0,0,1,0,1,0,0,1|1,0,1,0,1,0,1,0,0|1,1,1,1,1,1,1,1,1|
001|002|003|1400|03/11/2019|Digital|0,0,0,0,0,0,0,0,0|0,0,0,0,0,1,1,1,1|0,0,0,0,0,1,1,1,1|1,1,1,1,1,1,1,0,0|1,1,1,1,1,1,0,0,0|1,1,1,1,1,1,1,1,1|1,1,1,1,1,1,0,1,1|1,1,0,1,0,1,1,1,1|
001|001|003|1630|03/11/2019|Digital|0,0,0,0,0,0,0,0,0|0,0,0,0,0,1,1,1,1|0,0,0,0,1,1,1,0,0|1,1,1,1,0,0,0,0,0|0,0,0,0,0,1,1,1,1|0,0,0,0,0,0,1,1,1|1,1,1,0,1,1,1,1,0|1,0,1,1,1,1,1,0,0|
001|004|003|1900|03/11/2019|Digital|0,0,0,0,1,0,0,0,1|0,0,1,1,0,0,1,0,1|0,0,0,0,1,1,1,0,0|1,1,1,0,0,0,1,1,1|1,0,0,1,0,1,0,0,0|0,0,1,1,0,0,1,0,1|1,0,1,0,0,0,0,0,0|0,0,0,1,1,1,1,1,1|
001|005|003|0900|04/11/2019|Digital|0,0,0,0,0,0,0,0,0|0,0,0,0,0,0,0,0,0|0,0,0,0,0,0,0,0,0|0,0,0,0,0,0,0,0,0|0,0,0,0,0,0,0,0,0|0,0,0,0,0,0,0,0,0|0,0,0,0,0,0,0,0,0|0,0,0,0,0,0,0,0,1|
001|004|003|1030|04/11/2019|IMAX|0,0,0,0,0,0,0,0,0|0,0,0,0,0,0,0,0,0|0,0,1,0,0,0,0,0,1|1,0,0,0,1,0,0,0,0|0,0,0,1,0,0,0,0,0|0,0,0,0,1,0,0,0,0|0,1,0,1,1,0,0,1,1|1,0,0,1,1,1,0,0,1|
001|006|003|1230|04/11/2019|3D|0,0,0,0,0,1,1,1,0|0,1,0,0,0,1,1,1,0|1,0,1,0,1,0,1,1,0|1,0,0,1,0,1,0,0,1|1,1,1,1,1,1,1,1,0|0,0,1,1,0,1,0,0,0|0,0,1,1,1,1,0,0,0|1,1,1,1,1,1,1,1,1|
001|002|003|1400|04/11/2019|IMAX|0,0,0,0,0,0,0,0,0|0,0,0,0,0,0,0,0,0|0,0,0,0,0,0,0,0,0|0,0,1,1,1,1,1,0,0|0,0,1,1,1,1,1,0,0|0,0,1,1,1,1,1,0,0|0,0,0,1,1,1,1,0,0|0,0,0,1,1,1,1,1,0|
001|001|003|1630|04/11/2019|Digital|0,0,0,0,0,0,0,0,0|1,0,1,1,0,0,0,0,0|1,1,0,1,1,0,0,1,0|1,0,0,1,1,0,1,0,0|1,1,1,0,1,0,1,0,1|1,0,0,1,0,0,0,1,0|1,1,1,0,1,0,0,0,0|1,1,0,0,0,0,0,0,0|
001|003|003|1900|04/11/2019|Digital|0,0,0,0,0,0,0,0,0|0,0,0,0,0,1,1,1,1|0,0,0,0,1,1,1,0,0|1,1,1,1,0,0,0,0,0|0,0,0,0,0,1,1,1,1|0,0,0,0,0,0,1,1,1|1,1,1,0,1,1,1,1,0|1,0,1,1,1,1,1,0,0|
001|006|003|0900|05/11/2019|IMAX|0,0,0,0,0,0,0,0,0|0,0,0,0,0,0,0,0,0|0,0,0,0,0,0,0,0,0|0,0,1,1,1,1,1,0,0|0,0,1,1,1,1,1,0,0|0,0,1,1,1,1,1,0,0|0,0,0,1,1,1,1,0,0|0,0,0,1,1,1,1,1,0|
001|004|003|1030|05/11/2019|3D|0,0,0,0,0,0,0,1,1|0,0,0,0,0,1,1,1,0|0,0,0,0,0,1,1,1,1|0,0,0,1,1,1,0,0,0|1,0,0,0,1,0,1,0,1|1,0,0,0,0,0,0,1,1|0,0,0,0,1,1,1,1,0|1,0,1,0,1,0,1,1,1|
001|005|003|1230|05/11/2019|Digital|0,0,0,0,0,0,0,0,0|0,0,0,0,0,1,1,1,1|0,0,0,0,0,1,1,1,1|1,1,1,1,1,1,1,0,0|1,1,1,1,1,1,0,0,0|1,1,1,1,1,1,1,1,1|1,1,1,1,1,1,0,1,1|1,1,0,1,0,1,1,1,1|
001|003|003|1400|05/11/2019|Digital|0,0,0,0,0,0,0,0,0|1,0,1,1,0,0,0,0,0|1,1,0,1,1,0,0,1,0|1,0,0,1,1,0,1,0,0|1,1,1,0,1,0,1,0,1|1,0,0,1,0,0,0,1,0|1,1,1,0,1,0,0,0,0|1,1,0,0,0,0,0,0,0|
001|001|003|1600|05/11/2019|Digital|0,0,0,0,1,0,0,0,1|0,0,1,1,0,0,1,0,1|0,0,0,0,1,1,1,0,0|1,1,1,0,0,0,1,1,1|1,0,0,1,0,1,0,0,0|0,0,1,1,0,0,1,0,1|1,0,1,0,0,0,0,0,0|0,0,0,1,1,1,1,1,1|
001|002|003|1830|05/11/2019|Digital|0,0,0,0,0,1,1,1,0|0,1,0,0,0,1,1,1,0|1,0,1,0,1,0,1,1,0|1,0,0,1,0,1,0,0,1|1,1,1,1,1,1,1,1,0|0,0,1,1,0,1,0,0,0|0,0,1,1,1,1,0,0,0|1,1,1,1,1,1,1,1,1|
001|001|003|0900|06/11/2019|Digital|1,0,1,0,1,0,1,0,1|1,1,0,0,1,1,0,1,1|1,1,0,0,1,1,0,1,1|1,1,0,0,1,1,0,1,1|1,1,0,0,1,1,0,1,1|1,1,0,0,1,1,0,1,1|1,1,0,0,1,1,0,1,1|1,1,0,0,1,1,0,1,1|
001|005|003|1130|06/11/2019|3D|0,0,0,0,0,0,0,0,0|0,0,0,0,0,0,0,0,0|0,0,1,0,0,0,0,0,1|1,0,0,0,1,0,0,0,0|0,0,0,1,0,0,0,0,0|0,0,0,0,1,0,0,0,0|0,1,0,1,1,0,0,1,1|1,0,0,1,1,1,0,0,1|
001|006|003|1300|06/11/2019|IMAX|0,0,0,0,0,0,0,0,0|0,0,0,0,0,0,0,0,0|0,0,0,0,0,0,0,0,0|0,0,0,0,0,0,0,0,0|0,0,0,0,0,0,0,0,0|0,0,0,0,0,0,0,0,0|0,0,0,0,0,0,0,0,0|0,0,0,0,0,0,0,0,1|
001|002|003|1430|06/11/2019|Digital|0,0,0,0,0,0,0,0,0|0,0,0,0,0,1,1,1,1|0,0,0,0,0,1,1,1,1|1,1,1,1,1,1,1,0,0|1,1,1,1,1,1,0,0,0|1,1,1,1,1,1,1,1,1|1,1,1,1,1,1,0,1,1|1,1,0,1,0,1,1,1,1|
001|003|003|1700|06/11/2019|IMAX|0,0,0,0,1,0,0,0,1|0,0,1,1,0,0,1,0,1|0,0,0,0,1,1,1,0,0|1,1,1,0,0,0,1,1,1|1,0,0,1,0,1,0,0,0|0,0,1,1,0,0,1,0,1|1,0,1,0,0,0,0,0,0|0,0,0,1,1,1,1,1,1|
001|004|003|1900|06/11/2019|Digital|0,0,0,0,0,1,1,1,0|0,1,0,0,0,1,1,1,0|1,0,1,0,1,0,1,1,0|1,0,0,1,0,1,0,0,1|1,1,1,1,1,1,1,1,0|0,0,1,1,0,1,0,0,0|0,0,1,1,1,1,0,0,0|1,1,1,1,1,1,1,1,1|
001|001|003|0900|07/11/2019|Digital|0,0,0,0,0,0,0,0,0|0,0,0,0,0,0,0,0,0|0,0,0,0,0,0,0,0,0|0,0,0,0,0,0,0,0,0|0,0,0,0,0,0,0,0,0|0,0,0,0,0,0,0,0,0|0,0,0,0,0,0,0,0,0|0,0,0,0,0,0,0,0,1|
001|002|003|1130|07/11/2019|Digital|0,0,0,0,0,0,0,1,1|0,0,0,0,0,1,1,1,0|0,0,0,0,0,1,1,1,1|0,0,0,1,1,1,0,0,0|1,0,0,0,1,0,1,0,1|1,0,0,0,0,0,0,1,1|0,0,0,0,1,1,1,1,0|1,0,1,0,1,0,1,1,1|
001|004|003|1400|07/11/2019|IMAX|0,0,0,0,0,1,1,1,0|1,1,1,1,0,0,0,0,0|1,1,0,0,1,1,0,0,0|1,1,1,1,1,1,1,0,0|1,1,1,1,1,1,1,0,0|1,1,1,1,0,1,1,1,0|1,1,1,1,1,1,1,1,1|1,1,1,1,1,1,1,1,1|
001|003|003|1600|07/11/2019|Digital|0,0,0,0,1,0,0,0,1|0,0,1,1,0,0,1,0,1|0,0,0,0,1,1,1,0,0|1,1,1,0,0,0,1,1,1|1,0,0,1,0,1,0,0,0|0,0,1,1,0,0,1,0,1|1,0,1,0,0,0,0,0,0|0,0,0,1,1,1,1,1,1|
001|006|003|1800|07/11/2019|Digital|0,0,0,0,0,0,0,0,0|0,0,0,0,0,0,0,0,0|0,0,0,0,0,0,0,0,0|0,0,1,1,1,1,1,0,0|0,0,1,1,1,1,1,0,0|0,0,1,1,1,1,1,0,0|0,0,0,1,1,1,1,0,0|0,0,0,1,1,1,1,1,0|
001|005|003|1930|07/11/2019|3D|0,0,0,0,0,0,0,0,0|0,0,0,0,0,0,0,0,0|0,0,0,0,0,1,1,1,1|0,0,0,0,0,0,0,0,0|0,0,0,1,1,1,1,1,1|1,1,1,1,1,0,0,1,0|1,0,1,0,1,0,1,0,1|0,0,0,0,0,1,1,1,1|
002|001|001|0900|01/11/2019|Digital|0,0,0,0,0,0,0,0,0|0,0,0,0,0,1,1,1,1|0,0,0,0,1,1,1,0,0|1,1,1,1,0,0,0,0,0|0,0,0,0,0,1,1,1,1|0,0,0,0,0,0,1,1,1|1,1,1,0,1,1,1,1,0|1,0,1,1,1,1,1,0,0|
002|002|001|1200|01/11/2019|IMAX|1,0,1,0,1,0,1,0,1|1,1,0,0,1,1,0,1,1|1,1,0,0,1,1,0,1,1|1,1,0,0,1,1,0,1,1|1,1,0,0,1,1,0,1,1|1,1,0,0,1,1,0,1,1|1,1,0,0,1,1,0,1,1|1,1,0,0,1,1,0,1,1|
002|003|001|1500|01/11/2019|3D|0,0,0,0,0,0,0,0,0|0,0,0,0,0,0,0,0,0|0,0,0,0,0,0,0,0,0|0,0,1,1,1,1,1,0,0|0,0,1,1,1,1,1,0,0|0,0,1,1,1,1,1,0,0|0,0,0,1,1,1,1,0,0|0,0,0,1,1,1,1,1,0|
002|004|001|1700|01/11/2019|IMAX|0,0,0,0,0,0,0,0,0|0,0,0,0,0,0,0,0,0|0,0,0,0,0,1,1,1,1|0,0,0,0,0,0,0,0,0|0,0,0,1,1,1,1,1,1|1,1,1,1,1,0,0,1,0|1,0,1,0,1,0,1,0,1|0,0,0,0,0,1,1,1,1|
002|005|001|1900|01/11/2019|Digital|0,0,0,0,0,0,0,1,1|0,0,0,0,0,1,1,1,0|0,0,0,0,0,1,1,1,1|0,0,0,1,1,1,0,0,0|1,0,0,0,1,0,1,0,1|1,0,0,0,0,0,0,1,1|0,0,0,0,1,1,1,1,0|1,0,1,0,1,0,1,1,1|
002|006|001|2030|01/11/2019|3D|1,1,0,0,0,0,0,0,0|0,0,0,0,0,0,0,0,1|1,1,0,0,1,1,0,0,0|1,0,1,0,1,1,0,0,1|1,0,0,0,1,0,0,1,0|1,1,1,1,0,0,0,0,0|0,0,0,0,1,1,1,0,0|0,0,0,0,0,0,0,0,0|
002|001|001|0900|02/11/2019|Digital|0,0,0,0,0,0,0,0,0|0,0,0,0,0,0,0,0,0|0,0,0,0,0,0,0,0,0|0,0,1,1,1,1,1,0,0|0,0,1,1,1,1,1,0,0|0,0,1,1,1,1,1,0,0|0,0,0,1,1,1,1,0,0|0,0,0,1,1,1,1,1,0|
002|002|001|1200|02/11/2019|Digital|0,0,0,0,0,0,0,0,0|1,0,1,1,0,0,0,0,0|1,1,0,1,1,0,0,1,0|1,0,0,1,1,0,1,0,0|1,1,1,0,1,0,1,0,1|1,0,0,1,0,0,0,1,0|1,1,1,0,1,0,0,0,0|1,1,0,0,0,0,0,0,0|
002|003|001|1500|02/11/2019|3D|0,0,0,0,1,0,0,0,1|0,0,1,1,0,0,1,0,1|0,0,0,0,1,1,1,0,0|1,1,1,0,0,0,1,1,1|1,0,0,1,0,1,0,0,0|0,0,1,1,0,0,1,0,1|1,0,1,0,0,0,0,0,0|0,0,0,1,1,1,1,1,1|
002|004|001|1700|02/11/2019|IMAX|0,0,0,0,0,0,0,0,0|1,0,1,1,0,0,0,0,0|1,1,0,1,1,0,0,1,0|1,0,0,1,1,0,1,0,0|1,1,1,0,1,0,1,0,1|1,0,0,1,0,0,0,1,0|1,1,1,0,1,0,0,0,0|1,1,0,0,0,0,0,0,0|
002|005|001|1900|02/11/2019|Digital|0,0,0,0,0,1,1,1,0|1,1,1,1,0,0,0,0,0|1,1,0,0,1,1,0,0,0|1,1,1,1,1,1,1,0,0|1,1,1,1,1,1,1,0,0|1,1,1,1,0,1,1,1,0|1,1,1,1,1,1,1,1,1|1,1,1,1,1,1,1,1,1|
002|006|001|2030|02/11/2019|3D|0,0,0,0,0,0,0,0,1|1,0,0,0,0,0,0,0,0|0,0,0,0,1,1,1,1,0|1,1,1,0,0,0,1,1,1|1,1,1,1,0,1,1,1,1|1,0,0,1,0,1,0,0,1|1,0,1,0,1,0,1,0,0|1,1,1,1,1,1,1,1,1|
002|001|001|0900|03/11/2019|Digital|0,0,0,0,0,0,0,0,1|1,0,0,0,0,0,0,0,0|0,0,0,0,1,1,1,1,0|1,1,1,0,0,0,1,1,1|1,1,1,1,0,1,1,1,1|1,0,0,1,0,1,0,0,1|1,0,1,0,1,0,1,0,0|1,1,1,1,1,1,1,1,1|
002|002|001|1200|03/11/2019|Digital|0,0,0,0,0,0,0,0,0|1,0,1,1,0,0,0,0,0|1,1,0,1,1,0,0,1,0|1,0,0,1,1,0,1,0,0|1,1,1,0,1,0,1,0,1|1,0,0,1,0,0,0,1,0|1,1,1,0,1,0,0,0,0|1,1,0,0,0,0,0,0,0|
002|003|001|1500|03/11/2019|3D|0,0,0,0,0,0,0,0,0|0,0,0,0,0,0,0,0,0|0,0,0,0,0,0,0,0,0|0,0,0,0,0,0,0,0,0|0,0,0,0,0,0,0,0,0|0,0,0,0,0,0,0,0,0|0,0,0,0,0,0,0,0,0|0,0,0,0,0,0,0,0,0|
002|004|001|1700|03/11/2019|IMAX|0,0,0,0,0,0,0,0,0|0,0,0,0,0,0,0,0,0|0,0,1,0,0,0,0,0,1|1,0,0,0,1,0,0,0,0|0,0,0,1,0,0,0,0,0|0,0,0,0,1,0,0,0,0|0,1,0,1,1,0,0,1,1|1,0,0,1,1,1,0,0,1|
002|005|001|1900|03/11/2019|Digital|0,0,0,0,0,1,1,1,0|1,1,1,1,0,0,0,0,0|1,1,0,0,1,1,0,0,0|1,1,1,1,1,1,1,0,0|1,1,1,1,1,1,1,0,0|1,1,1,1,0,1,1,1,0|1,1,1,1,1,1,1,1,1|1,1,1,1,1,1,1,1,1|
002|006|001|2030|03/11/2019|3D|0,0,0,0,0,0,0,0,0|0,0,0,0,0,1,1,1,1|0,0,0,0,1,1,1,0,0|1,1,1,1,0,0,0,0,0|0,0,0,0,0,1,1,1,1|0,0,0,0,0,0,1,1,1|1,1,1,0,1,1,1,1,0|1,0,1,1,1,1,1,0,0|
002|001|001|0900|04/11/2019|Digital|0,0,0,0,0,0,0,0,0|1,0,1,1,0,0,0,0,0|1,1,0,1,1,0,0,1,0|1,0,0,1,1,0,1,0,0|1,1,1,0,1,0,1,0,1|1,0,0,1,0,0,0,1,0|1,1,1,0,1,0,0,0,0|1,1,0,0,0,0,0,0,0|
002|002|001|1200|04/11/2019|Digital|0,0,0,0,1,0,0,0,1|0,0,1,1,0,0,1,0,1|0,0,0,0,1,1,1,0,0|1,1,1,0,0,0,1,1,1|1,0,0,1,0,1,0,0,0|0,0,1,1,0,0,1,0,1|1,0,1,0,0,0,0,0,0|0,0,0,1,1,1,1,1,1|
002|003|001|1500|04/11/2019|3D|0,0,0,0,0,1,1,1,0|0,1,0,0,0,1,1,1,0|1,0,1,0,1,0,1,1,0|1,0,0,1,0,1,0,0,1|1,1,1,1,1,1,1,1,0|0,0,1,1,0,1,0,0,0|0,0,1,1,1,1,0,0,0|1,1,1,1,1,1,1,1,1|
002|004|001|1700|04/11/2019|IMAX|0,0,0,0,0,0,0,0,0|0,0,0,0,0,1,1,1,1|0,0,0,0,0,1,1,1,1|1,1,1,1,1,1,1,0,0|1,1,1,1,1,1,0,0,0|1,1,1,1,1,1,1,1,1|1,1,1,1,1,1,0,1,1|1,1,0,1,0,1,1,1,1|
002|005|001|1900|04/11/2019|Digital|0,0,0,0,0,0,0,0,1|1,0,0,0,0,0,0,0,0|0,0,0,0,1,1,1,1,0|1,1,1,0,0,0,1,1,1|1,1,1,1,0,1,1,1,1|1,0,0,1,0,1,0,0,1|1,0,1,0,1,0,1,0,0|1,1,1,1,1,1,1,1,1|
002|006|001|2030|04/11/2019|3D|0,0,0,0,0,0,0,0,0|0,0,0,0,0,0,0,0,0|0,0,0,0,0,0,0,0,0|0,0,0,0,0,0,0,0,0|0,0,0,0,0,0,0,0,0|0,0,0,0,0,0,0,0,0|0,0,0,0,0,0,0,0,0|0,0,0,0,0,0,0,0,1|
002|001|001|0900|05/11/2019|Digital|0,0,0,0,0,0,0,0,0|0,0,0,0,0,0,0,0,0|0,0,0,0,0,0,0,0,0|0,0,0,0,0,0,0,0,0|0,0,0,0,0,0,0,0,0|0,0,0,0,0,0,0,0,0|0,0,0,0,0,0,0,0,0|0,0,0,0,0,0,0,0,0|
002|002|001|1200|05/11/2019|3D|0,0,0,0,0,0,0,0,0|0,0,0,0,0,0,0,0,0|0,0,1,0,0,0,0,0,1|1,0,0,0,1,0,0,0,0|0,0,0,1,0,0,0,0,0|0,0,0,0,1,0,0,0,0|0,1,0,1,1,0,0,1,1|1,0,0,1,1,1,0,0,1|
002|003|001|1500|05/11/2019|3D|1,1,0,0,0,0,0,0,0|0,0,0,0,0,0,0,0,1|1,1,0,0,1,1,0,0,0|1,0,1,0,1,1,0,0,1|1,0,0,0,1,0,0,1,0|1,1,1,1,0,0,0,0,0|0,0,0,0,1,1,1,0,0|0,0,0,0,0,0,0,0,0|
002|004|001|1700|05/11/2019|IMAX|0,0,0,0,0,0,0,0,0|0,0,0,0,0,0,0,0,0|0,0,0,0,0,0,0,0,0|0,0,1,1,1,1,1,0,0|0,0,1,1,1,1,1,0,0|0,0,1,1,1,1,1,0,0|0,0,0,1,1,1,1,0,0|0,0,0,1,1,1,1,1,0|
002|005|001|1900|05/11/2019|Digital|1,0,1,0,1,0,1,0,1|1,1,0,0,1,1,0,1,1|1,1,0,0,1,1,0,1,1|1,1,0,0,1,1,0,1,1|1,1,0,0,1,1,0,1,1|1,1,0,0,1,1,0,1,1|1,1,0,0,1,1,0,1,1|1,1,0,0,1,1,0,1,1|
002|006|001|2030|05/11/2019|3D|0,0,0,0,0,0,0,0,0|0,0,0,0,0,0,0,0,0|0,0,0,0,0,1,1,1,1|0,0,0,0,0,0,0,0,0|0,0,0,1,1,1,1,1,1|1,1,1,1,1,0,0,1,0|1,0,1,0,1,0,1,0,1|0,0,0,0,0,1,1,1,1|
002|001|001|0900|06/11/2019|3D|0,0,0,0,0,1,1,1,0|0,1,0,0,0,1,1,1,0|1,0,1,0,1,0,1,1,0|1,0,0,1,0,1,0,0,1|1,1,1,1,1,1,1,1,0|0,0,1,1,0,1,0,0,0|0,0,1,1,1,1,0,0,0|1,1,1,1,1,1,1,1,1|
002|002|001|1200|06/11/2019|Digital|0,0,0,0,0,0,0,0,1|1,0,0,0,0,0,0,0,0|0,0,0,0,1,1,1,1,0|1,1,1,0,0,0,1,1,1|1,1,1,1,0,1,1,1,1|1,0,0,1,0,1,0,0,1|1,0,1,0,1,0,1,0,0|1,1,1,1,1,1,1,1,1|
002|003|001|1500|06/11/2019|3D|0,0,0,0,0,0,0,0,0|0,0,0,0,0,0,0,0,0|0,0,0,0,0,0,0,0,0|0,0,1,1,1,1,1,0,0|0,0,1,1,1,1,1,0,0|0,0,1,1,1,1,1,0,0|0,0,0,1,1,1,1,0,0|0,0,0,1,1,1,1,1,0|
002|004|001|1700|06/11/2019|Digital|0,0,0,0,0,1,1,1,0|1,1,1,1,0,0,0,0,0|1,1,0,0,1,1,0,0,0|1,1,1,1,1,1,1,0,0|1,1,1,1,1,1,1,0,0|1,1,1,1,0,1,1,1,0|1,1,1,1,1,1,1,1,1|1,1,1,1,1,1,1,1,1|
002|005|001|1900|06/11/2019|Digital|0,0,0,0,0,0,0,0,0|0,0,0,0,0,0,0,0,0|0,0,1,0,0,0,0,0,1|1,0,0,0,1,0,0,0,0|0,0,0,1,0,0,0,0,0|0,0,0,0,1,0,0,0,0|0,1,0,1,1,0,0,1,1|1,0,0,1,1,1,0,0,1|
002|006|001|2030|06/11/2019|IMAX|0,0,0,0,0,0,0,0,0|1,0,1,1,0,0,0,0,0|1,1,0,1,1,0,0,1,0|1,0,0,1,1,0,1,0,0|1,1,1,0,1,0,1,0,1|1,0,0,1,0,0,0,1,0|1,1,1,0,1,0,0,0,0|1,1,0,0,0,0,0,0,0|
002|001|001|0900|07/11/2019|Digital|0,0,0,0,0,0,0,0,0|0,0,0,0,0,0,0,0,0|0,0,0,0,0,1,1,1,1|0,0,0,0,0,0,0,0,0|0,0,0,1,1,1,1,1,1|1,1,1,1,1,0,0,1,0|1,0,1,0,1,0,1,0,1|0,0,0,0,0,1,1,1,1|
002|002|001|1200|07/11/2019|Digital|0,0,0,0,0,1,1,1,0|1,1,1,1,0,0,0,0,0|1,1,0,0,1,1,0,0,0|1,1,1,1,1,1,1,0,0|1,1,1,1,1,1,1,0,0|1,1,1,1,0,1,1,1,0|1,1,1,1,1,1,1,1,1|1,1,1,1,1,1,1,1,1|
002|003|001|1500|07/11/2019|3D|0,0,0,0,0,0,0,1,1|0,0,0,0,0,1,1,1,0|0,0,0,0,0,1,1,1,1|0,0,0,1,1,1,0,0,0|1,0,0,0,1,0,1,0,1|1,0,0,0,0,0,0,1,1|0,0,0,0,1,1,1,1,0|1,0,1,0,1,0,1,1,1|
002|004|001|1700|07/11/2019|IMAX|0,0,0,0,0,0,0,0,0|0,0,0,0,0,0,0,0,0|0,0,0,0,0,1,1,1,1|0,0,0,0,0,0,0,0,0|0,0,0,1,1,1,1,1,1|1,1,1,1,1,0,0,1,0|1,0,1,0,1,0,1,0,1|0,0,0,0,0,1,1,1,1|
002|005|001|1900|07/11/2019|Digital|0,0,0,0,0,1,1,1,0|0,1,0,0,0,1,1,1,0|1,0,1,0,1,0,1,1,0|1,0,0,1,0,1,0,0,1|1,1,1,1,1,1,1,1,0|0,0,1,1,0,1,0,0,0|0,0,1,1,1,1,0,0,0|1,1,1,1,1,1,1,1,1|
002|006|001|2030|07/11/2019|3D|0,0,0,0,0,0,0,1,1|0,0,0,0,0,1,1,1,0|0,0,0,0,0,1,1,1,1|0,0,0,1,1,1,0,0,0|1,0,0,0,1,0,1,0,1|1,0,0,0,0,0,0,1,1|0,0,0,0,1,1,1,1,0|1,0,1,0,1,0,1,1,1|
002|003|002|0900|01/11/2019|Digital|0,0,0,0,0,0,0,0,1|1,0,0,0,0,0,0,0,0|0,0,0,0,1,1,1,1,0|1,1,1,0,0,0,1,1,1|1,1,1,1,0,1,1,1,1|1,0,0,1,0,1,0,0,1|1,0,1,0,1,0,1,0,0|1,1,1,1,1,1,1,1,1|
002|004|002|1100|01/11/2019|Digital|0,0,0,0,0,0,0,0,0|0,0,0,0,0,1,1,1,1|0,0,0,0,1,1,1,0,0|1,1,1,1,0,0,0,0,0|0,0,0,0,0,1,1,1,1|0,0,0,0,0,0,1,1,1|1,1,1,0,1,1,1,1,0|1,0,1,1,1,1,1,0,0|
002|002|002|1300|01/11/2019|3D|1,0,1,0,1,0,1,0,1|1,1,0,0,1,1,0,1,1|1,1,0,0,1,1,0,1,1|1,1,0,0,1,1,0,1,1|1,1,0,0,1,1,0,1,1|1,1,0,0,1,1,0,1,1|1,1,0,0,1,1,0,1,1|1,1,0,0,1,1,0,1,1|
002|006|002|1530|01/11/2019|Digital|0,0,0,0,0,0,0,0,0|0,0,0,0,0,0,0,0,0|0,0,0,0,0,0,0,0,0|0,0,1,1,1,1,1,0,0|0,0,1,1,1,1,1,0,0|0,0,1,1,1,1,1,0,0|0,0,0,1,1,1,1,0,0|0,0,0,1,1,1,1,1,0|
002|001|002|1700|01/11/2019|Digital|1,1,0,0,0,0,0,0,0|0,0,0,0,0,0,0,0,1|1,1,0,0,1,1,0,0,0|1,0,1,0,1,1,0,0,1|1,0,0,0,1,0,0,1,0|1,1,1,1,0,0,0,0,0|0,0,0,0,1,1,1,0,0|0,0,0,0,0,0,0,0,0|
002|005|002|1930|01/11/2019|3D|0,0,0,0,0,1,1,1,0|1,1,1,1,0,0,0,0,0|1,1,0,0,1,1,0,0,0|1,1,1,1,1,1,1,0,0|1,1,1,1,1,1,1,0,0|1,1,1,1,0,1,1,1,0|1,1,1,1,1,1,1,1,1|1,1,1,1,1,1,1,1,1|`
002|001|002|0900|02/11/2019|Digital|0,0,0,0,0,0,0,0,0|0,0,0,0,0,1,1,1,1|0,0,0,0,1,1,1,0,0|1,1,1,1,0,0,0,0,0|0,0,0,0,0,1,1,1,1|0,0,0,0,0,0,1,1,1|1,1,1,0,1,1,1,1,0|1,0,1,1,1,1,1,0,0|
002|003|002|1130|02/11/2019|3D|0,0,0,0,0,0,0,0,0|1,0,1,1,0,0,0,0,0|1,1,0,1,1,0,0,1,0|1,0,0,1,1,0,1,0,0|1,1,1,0,1,0,1,0,1|1,0,0,1,0,0,0,1,0|1,1,1,0,1,0,0,0,0|1,1,0,0,0,0,0,0,0|
002|005|002|1400|02/11/2019|Digital|0,0,0,0,1,0,0,0,1|0,0,1,1,0,0,1,0,1|0,0,0,0,1,1,1,0,0|1,1,1,0,0,0,1,1,1|1,0,0,1,0,1,0,0,0|0,0,1,1,0,0,1,0,1|1,0,1,0,0,0,0,0,0|0,0,0,1,1,1,1,1,1|
002|006|002|1600|02/11/2019|Digital|0,0,0,0,0,0,0,0,0|0,0,0,0,0,0,0,0,0|0,0,1,0,0,0,0,0,1|1,0,0,0,1,0,0,0,0|0,0,0,1,0,0,0,0,0|0,0,0,0,1,0,0,0,0|0,1,0,1,1,0,0,1,1|1,0,0,1,1,1,0,0,1|
002|002|002|1730|02/11/2019|3D|0,0,0,0,0,0,0,0,0|0,0,0,0,0,0,0,0,0|0,0,0,0,0,0,0,0,0|0,0,1,1,1,1,1,0,0|0,0,1,1,1,1,1,0,0|0,0,1,1,1,1,1,0,0|0,0,0,1,1,1,1,0,0|0,0,0,1,1,1,1,1,0|
002|006|002|2000|02/11/2019|IMAX|0,0,0,0,0,0,0,0,0|0,0,0,0,0,0,0,0,0|0,0,0,0,0,1,1,1,1|0,0,0,0,0,0,0,0,0|0,0,0,1,1,1,1,1,1|1,1,1,1,1,0,0,1,0|1,0,1,0,1,0,1,0,1|0,0,0,0,0,1,1,1,1|
002|006|002|0900|03/11/2019|Digital|0,0,0,0,0,0,0,0,0|0,0,0,0,0,0,0,0,0|0,0,0,0,0,0,0,0,0|0,0,0,0,0,0,0,0,0|0,0,0,0,0,0,0,0,0|0,0,0,0,0,0,0,0,0|0,0,0,0,0,0,0,0,0|0,0,0,0,0,0,0,0,0|
002|005|002|1030|03/11/2019|Digital|0,0,0,0,0,0,0,0,0|0,0,0,0,0,0,0,0,0|0,0,0,0,0,0,0,0,0|0,0,0,0,0,0,0,0,0|0,0,0,0,0,0,0,0,0|0,0,0,0,0,0,0,0,0|0,0,0,0,0,0,0,0,0|0,0,0,0,0,0,0,0,1|
002|004|002|1200|03/11/2019|IMAX|0,0,0,0,0,1,1,1,0|1,1,1,1,0,0,0,0,0|1,1,0,0,1,1,0,0,0|1,1,1,1,1,1,1,0,0|1,1,1,1,1,1,1,0,0|1,1,1,1,0,1,1,1,0|1,1,1,1,1,1,1,1,1|1,1,1,1,1,1,1,1,1|
002|003|002|1400|03/11/2019|Digital|0,0,0,0,0,0,0,0,0|0,0,0,0,0,1,1,1,1|0,0,0,0,1,1,1,0,0|1,1,1,1,0,0,0,0,0|0,0,0,0,0,1,1,1,1|0,0,0,0,0,0,1,1,1|1,1,1,0,1,1,1,1,0|1,0,1,1,1,1,1,0,0|
002|002|002|1600|03/11/2019|Digital|0,0,0,0,0,0,0,0,0|0,0,0,0,0,0,0,0,0|0,0,0,0,0,1,1,1,1|0,0,0,0,0,0,0,0,0|0,0,0,1,1,1,1,1,1|1,1,1,1,1,0,0,1,0|1,0,1,0,1,0,1,0,1|0,0,0,0,0,1,1,1,1|
002|001|002|1830|03/11/2019|3D|1,0,1,0,1,0,1,0,1|1,1,0,0,1,1,0,1,1|1,1,0,0,1,1,0,1,1|1,1,0,0,1,1,0,1,1|1,1,0,0,1,1,0,1,1|1,1,0,0,1,1,0,1,1|1,1,0,0,1,1,0,1,1|1,1,0,0,1,1,0,1,1|
002|003|002|0900|04/11/2019|Digital|0,0,0,0,0,0,0,0,0|0,0,0,0,0,0,0,0,0|0,0,0,0,0,1,1,1,1|0,0,0,0,0,0,0,0,0|0,0,0,1,1,1,1,1,1|1,1,1,1,1,0,0,1,0|1,0,1,0,1,0,1,0,1|0,0,0,0,0,1,1,1,1|
002|006|002|1100|04/11/2019|Digital|0,0,0,0,0,0,0,0,0|0,0,0,0,0,0,0,0,0|0,0,1,0,0,0,0,0,1|1,0,0,0,1,0,0,0,0|0,0,0,1,0,0,0,0,0|0,0,0,0,1,0,0,0,0|0,1,0,1,1,0,0,1,1|1,0,0,1,1,1,0,0,1|
002|004|002|1230|04/11/2019|3D|0,0,0,0,0,0,0,0,0|0,0,0,0,0,1,1,1,1|0,0,0,0,0,1,1,1,1|1,1,1,1,1,1,1,0,0|1,1,1,1,1,1,0,0,0|1,1,1,1,1,1,1,1,1|1,1,1,1,1,1,0,1,1|1,1,0,1,0,1,1,1,1|
002|002|002|1430|04/11/2019|IMAX|0,0,0,0,0,0,0,0,0|1,0,1,1,0,0,0,0,0|1,1,0,1,1,0,0,1,0|1,0,0,1,1,0,1,0,0|1,1,1,0,1,0,1,0,1|1,0,0,1,0,0,0,1,0|1,1,1,0,1,0,0,0,0|1,1,0,0,0,0,0,0,0|
002|001|002|1700|04/11/2019|Digital|0,0,0,0,0,1,1,1,0|1,1,1,1,0,0,0,0,0|1,1,0,0,1,1,0,0,0|1,1,1,1,1,1,1,0,0|1,1,1,1,1,1,1,0,0|1,1,1,1,0,1,1,1,0|1,1,1,1,1,1,1,1,1|1,1,1,1,1,1,1,1,1|
002|005|002|1930|04/11/2019|Digital|0,0,0,0,0,0,0,0,0|0,0,0,0,0,1,1,1,1|0,0,0,0,1,1,1,0,0|1,1,1,1,0,0,0,0,0|0,0,0,0,0,1,1,1,1|0,0,0,0,0,0,1,1,1|1,1,1,0,1,1,1,1,0|1,0,1,1,1,1,1,0,0|
002|003|002|0900|05/11/2019|Digital|0,0,0,0,0,1,1,1,0|0,1,0,0,0,1,1,1,0|1,0,1,0,1,0,1,1,0|1,0,0,1,0,1,0,0,1|1,1,1,1,1,1,1,1,0|0,0,1,1,0,1,0,0,0|0,0,1,1,1,1,0,0,0|1,1,1,1,1,1,1,1,1|
002|005|002|1100|05/11/2019|Digital|0,0,0,0,0,0,0,0,0|0,0,0,0,0,0,0,0,0|0,0,0,0,0,0,0,0,0|0,0,0,0,0,0,0,0,0|0,0,0,0,0,0,0,0,0|0,0,0,0,0,0,0,0,0|0,0,0,0,0,0,0,0,0|0,0,0,0,0,0,0,0,1|
002|006|002|1230|05/11/2019|IMAX|0,0,0,0,0,0,0,0,0|0,0,0,0,0,0,0,0,0|0,0,0,0,0,0,0,0,0|0,0,0,0,0,0,0,0,0|0,0,0,0,0,0,0,0,0|0,0,0,0,0,0,0,0,0|0,0,0,0,0,0,0,0,0|0,0,0,0,0,0,0,0,0|
002|002|002|1400|05/11/2019|Digital|1,0,1,0,1,0,1,0,1|1,1,0,0,1,1,0,1,1|1,1,0,0,1,1,0,1,1|1,1,0,0,1,1,0,1,1|1,1,0,0,1,1,0,1,1|1,1,0,0,1,1,0,1,1|1,1,0,0,1,1,0,1,1|1,1,0,0,1,1,0,1,1|
002|001|002|1630|05/11/2019|3D|0,0,0,0,0,0,0,0,1|1,0,0,0,0,0,0,0,0|0,0,0,0,1,1,1,1,0|1,1,1,0,0,0,1,1,1|1,1,1,1,0,1,1,1,1|1,0,0,1,0,1,0,0,1|1,0,1,0,1,0,1,0,0|1,1,1,1,1,1,1,1,1|
002|004|002|1900|05/11/2019|Digital|0,0,0,0,0,0,0,0,0|0,0,0,0,0,1,1,1,1|0,0,0,0,0,1,1,1,1|1,1,1,1,1,1,1,0,0|1,1,1,1,1,1,0,0,0|1,1,1,1,1,1,1,1,1|1,1,1,1,1,1,0,1,1|1,1,0,1,0,1,1,1,1|
002|004|002|0900|06/11/2019|Digital|0,0,0,0,0,1,1,1,0|1,1,1,1,0,0,0,0,0|1,1,0,0,1,1,0,0,0|1,1,1,1,1,1,1,0,0|1,1,1,1,1,1,1,0,0|1,1,1,1,0,1,1,1,0|1,1,1,1,1,1,1,1,1|1,1,1,1,1,1,1,1,1|
002|001|002|1100|06/11/2019|Digital|0,0,0,0,0,0,0,0,0|0,0,0,0,0,1,1,1,1|0,0,0,0,0,1,1,1,1|1,1,1,1,1,1,1,0,0|1,1,1,1,1,1,0,0,0|1,1,1,1,1,1,1,1,1|1,1,1,1,1,1,0,1,1|1,1,0,1,0,1,1,1,1|
002|002|002|1330|06/11/2019|3D|0,0,0,0,0,0,0,0,0|0,0,0,0,0,0,0,0,0|0,0,0,0,0,1,1,1,1|0,0,0,0,0,0,0,0,0|0,0,0,1,1,1,1,1,1|1,1,1,1,1,0,0,1,0|1,0,1,0,1,0,1,0,1|0,0,0,0,0,1,1,1,1|
002|003|002|1600|06/11/2019|Digital|0,0,0,0,0,0,0,1,1|0,0,0,0,0,1,1,1,0|0,0,0,0,0,1,1,1,1|0,0,0,1,1,1,0,0,0|1,0,0,0,1,0,1,0,1|1,0,0,0,0,0,0,1,1|0,0,0,0,1,1,1,1,0|1,0,1,0,1,0,1,1,1|
002|006|002|1800|06/11/2019|IMAX|1,0,1,0,1,0,1,0,1|1,1,0,0,1,1,0,1,1|1,1,0,0,1,1,0,1,1|1,1,0,0,1,1,0,1,1|1,1,0,0,1,1,0,1,1|1,1,0,0,1,1,0,1,1|1,1,0,0,1,1,0,1,1|1,1,0,0,1,1,0,1,1|
002|005|002|1930|06/11/2019|IMAX|0,0,0,0,0,0,0,0,0|0,0,0,0,0,0,0,0,0|0,0,0,0,0,0,0,0,0|0,0,1,1,1,1,1,0,0|0,0,1,1,1,1,1,0,0|0,0,1,1,1,1,1,0,0|0,0,0,1,1,1,1,0,0|0,0,0,1,1,1,1,1,0|
002|003|002|0900|07/11/2019|Digital|0,0,0,0,0,0,0,0,0|0,0,0,0,0,0,0,0,0|0,0,0,0,0,0,0,0,0|0,0,1,1,1,1,1,0,0|0,0,1,1,1,1,1,0,0|0,0,1,1,1,1,1,0,0|0,0,0,1,1,1,1,0,0|0,0,0,1,1,1,1,1,0|
002|004|002|1100|07/11/2019|Digital|0,0,0,0,0,1,1,1,0|0,1,0,0,0,1,1,1,0|1,0,1,0,1,0,1,1,0|1,0,0,1,0,1,0,0,1|1,1,1,1,1,1,1,1,0|0,0,1,1,0,1,0,0,0|0,0,1,1,1,1,0,0,0|1,1,1,1,1,1,1,1,1|
002|005|002|1300|07/11/2019|Digital|0,0,0,0,0,0,0,0,1|1,0,0,0,0,0,0,0,0|0,0,0,0,1,1,1,1,0|1,1,1,0,0,0,1,1,1|1,1,1,1,0,1,1,1,1|1,0,0,1,0,1,0,0,1|1,0,1,0,1,0,1,0,0|1,1,1,1,1,1,1,1,1|
002|006|002|1430|07/11/2019|Digital|0,0,0,0,0,0,0,0,0|0,0,0,0,0,0,0,0,0|0,0,0,0,0,0,0,0,0|0,0,0,0,0,0,0,0,0|0,0,0,0,0,0,0,0,0|0,0,0,0,0,0,0,0,0|0,0,0,0,0,0,0,0,0|0,0,0,0,0,0,0,0,1|
002|001|002|1600|07/11/2019|3D|0,0,0,0,0,0,0,0,0|0,0,0,0,0,1,1,1,1|0,0,0,0,1,1,1,0,0|1,1,1,1,0,0,0,0,0|0,0,0,0,0,1,1,1,1|0,0,0,0,0,0,1,1,1|1,1,1,0,1,1,1,1,0|1,0,1,1,1,1,1,0,0|
002|002|002|1830|07/11/2019|IMAX|0,0,0,0,0,0,0,0,0|0,0,0,0,0,0,0,0,0|0,0,0,0,0,1,1,1,1|0,0,0,0,0,0,0,0,0|0,0,0,1,1,1,1,1,1|1,1,1,1,1,0,0,1,0|1,0,1,0,1,0,1,0,1|0,0,0,0,0,1,1,1,1|
002|001|003|0900|01/11/2019|Digital|0,0,0,0,0,0,0,0,0|0,0,0,0,0,0,0,0,0|0,0,0,0,0,0,0,0,0|0,0,0,0,0,0,0,0,0|0,0,0,0,0,0,0,0,0|0,0,0,0,0,0,0,0,0|0,0,0,0,0,0,0,0,0|0,0,0,0,0,0,0,0,1|
002|002|003|1130|01/11/2019|Digital|0,0,0,0,0,0,0,1,1|0,0,0,0,0,1,1,1,0|0,0,0,0,0,1,1,1,1|0,0,0,1,1,1,0,0,0|1,0,0,0,1,0,1,0,1|1,0,0,0,0,0,0,1,1|0,0,0,0,1,1,1,1,0|1,0,1,0,1,0,1,1,1|
002|004|003|1400|01/11/2019|IMAX|0,0,0,0,0,1,1,1,0|1,1,1,1,0,0,0,0,0|1,1,0,0,1,1,0,0,0|1,1,1,1,1,1,1,0,0|1,1,1,1,1,1,1,0,0|1,1,1,1,0,1,1,1,0|1,1,1,1,1,1,1,1,1|1,1,1,1,1,1,1,1,1|
002|003|003|1600|01/11/2019|Digital|0,0,0,0,1,0,0,0,1|0,0,1,1,0,0,1,0,1|0,0,0,0,1,1,1,0,0|1,1,1,0,0,0,1,1,1|1,0,0,1,0,1,0,0,0|0,0,1,1,0,0,1,0,1|1,0,1,0,0,0,0,0,0|0,0,0,1,1,1,1,1,1|
002|006|003|1800|01/11/2019|Digital|0,0,0,0,0,0,0,0,0|0,0,0,0,0,0,0,0,0|0,0,0,0,0,0,0,0,0|0,0,1,1,1,1,1,0,0|0,0,1,1,1,1,1,0,0|0,0,1,1,1,1,1,0,0|0,0,0,1,1,1,1,0,0|0,0,0,1,1,1,1,1,0|
002|005|003|1930|01/11/2019|3D|0,0,0,0,0,0,0,0,0|0,0,0,0,0,0,0,0,0|0,0,0,0,0,1,1,1,1|0,0,0,0,0,0,0,0,0|0,0,0,1,1,1,1,1,1|1,1,1,1,1,0,0,1,0|1,0,1,0,1,0,1,0,1|0,0,0,0,0,1,1,1,1|
002|001|003|0900|02/11/2019|Digital|0,0,0,0,0,0,0,0,0|0,0,0,0,0,0,0,0,0|0,0,0,0,0,0,0,0,0|0,0,0,0,0,0,0,0,0|0,0,0,0,0,0,0,0,0|0,0,0,0,0,0,0,0,0|0,0,0,0,0,0,0,0,0|0,0,0,0,0,0,0,0,0|
002|005|003|1130|02/11/2019|Digital|0,0,0,0,0,0,0,0,0|0,0,0,0,0,0,0,0,0|0,0,0,0,0,0,0,0,0|0,0,0,0,0,0,0,0,0|0,0,0,0,0,0,0,0,0|0,0,0,0,0,0,0,0,0|0,0,0,0,0,0,0,0,0|0,0,0,0,0,0,0,0,1|
002|003|003|1300|02/11/2019|3D|0,0,0,0,0,0,0,0,1|1,0,0,0,0,0,0,0,0|0,0,0,0,1,1,1,1,0|1,1,1,0,0,0,1,1,1|1,1,1,1,0,1,1,1,1|1,0,0,1,0,1,0,0,1|1,0,1,0,1,0,1,0,0|1,1,1,1,1,1,1,1,1|
002|002|003|1500|02/11/2019|Digital|0,0,0,0,0,0,0,0,0|0,0,0,0,0,1,1,1,1|0,0,0,0,0,1,1,1,1|1,1,1,1,1,1,1,0,0|1,1,1,1,1,1,0,0,0|1,1,1,1,1,1,1,1,1|1,1,1,1,1,1,0,1,1|1,1,0,1,0,1,1,1,1|
002|006|003|1730|02/11/2019|IMAX|0,0,0,0,0,1,1,1,0|0,1,0,0,0,1,1,1,0|1,0,1,0,1,0,1,1,0|1,0,0,1,0,1,0,0,1|1,1,1,1,1,1,1,1,0|0,0,1,1,0,1,0,0,0|0,0,1,1,1,1,0,0,0|1,1,1,1,1,1,1,1,1|
002|004|003|1900|02/11/2019|IMAX|0,0,0,0,1,0,0,0,1|0,0,1,1,0,0,1,0,1|0,0,0,0,1,1,1,0,0|1,1,1,0,0,0,1,1,1|1,0,0,1,0,1,0,0,0|0,0,1,1,0,0,1,0,1|1,0,1,0,0,0,0,0,0|0,0,0,1,1,1,1,1,1|
002|003|003|0900|03/11/2019|IMAX|0,0,0,0,0,1,1,1,0|0,1,0,0,0,1,1,1,0|1,0,1,0,1,0,1,1,0|1,0,0,1,0,1,0,0,1|1,1,1,1,1,1,1,1,0|0,0,1,1,0,1,0,0,0|0,0,1,1,1,1,0,0,0|1,1,1,1,1,1,1,1,1|
002|002|003|1100|03/11/2019|Digital|0,0,0,0,0,0,0,0,0|1,0,1,1,0,0,0,0,0|1,1,0,1,1,0,0,1,0|1,0,0,1,1,0,1,0,0|1,1,1,0,1,0,1,0,1|1,0,0,1,0,0,0,1,0|1,1,1,0,1,0,0,0,0|1,1,0,0,0,0,0,0,0|
002|004|003|1330|03/11/2019|Digital|0,0,0,0,1,0,0,0,1|0,0,1,1,0,0,1,0,1|0,0,0,0,1,1,1,0,0|1,1,1,0,0,0,1,1,1|1,0,0,1,0,1,0,0,0|0,0,1,1,0,0,1,0,1|1,0,1,0,0,0,0,0,0|0,0,0,1,1,1,1,1,1|
002|001|003|1530|03/11/2019|Digital|0,0,0,0,0,0,0,0,0|0,0,0,0,0,1,1,1,1|0,0,0,0,0,1,1,1,1|1,1,1,1,1,1,1,0,0|1,1,1,1,1,1,0,0,0|1,1,1,1,1,1,1,1,1|1,1,1,1,1,1,0,1,1|1,1,0,1,0,1,1,1,1|
002|006|003|1800|03/11/2019|3D|0,0,0,0,0,0,0,0,0|0,0,0,0,0,0,0,0,0|0,0,0,0,0,0,0,0,0|0,0,0,0,0,0,0,0,0|0,0,0,0,0,0,0,0,0|0,0,0,0,0,0,0,0,0|0,0,0,0,0,0,0,0,0|0,0,0,0,0,0,0,0,1|
002|005|003|1930|03/11/2019|3D|0,0,0,0,0,0,0,0,1|1,0,0,0,0,0,0,0,0|0,0,0,0,1,1,1,1,0|1,1,1,0,0,0,1,1,1|1,1,1,1,0,1,1,1,1|1,0,0,1,0,1,0,0,1|1,0,1,0,1,0,1,0,0|1,1,1,1,1,1,1,1,1|
002|006|003|0900|04/11/2019|IMAX|0,0,0,0,0,0,0,0,0|0,0,0,0,0,0,0,0,0|0,0,0,0,0,0,0,0,0|0,0,1,1,1,1,1,0,0|0,0,1,1,1,1,1,0,0|0,0,1,1,1,1,1,0,0|0,0,0,1,1,1,1,0,0|0,0,0,1,1,1,1,1,0|
002|004|003|1030|04/11/2019|3D|0,0,0,0,0,0,0,1,1|0,0,0,0,0,1,1,1,0|0,0,0,0,0,1,1,1,1|0,0,0,1,1,1,0,0,0|1,0,0,0,1,0,1,0,1|1,0,0,0,0,0,0,1,1|0,0,0,0,1,1,1,1,0|1,0,1,0,1,0,1,1,1|
002|005|003|1230|04/11/2019|Digital|0,0,0,0,0,0,0,0,0|0,0,0,0,0,1,1,1,1|0,0,0,0,0,1,1,1,1|1,1,1,1,1,1,1,0,0|1,1,1,1,1,1,0,0,0|1,1,1,1,1,1,1,1,1|1,1,1,1,1,1,0,1,1|1,1,0,1,0,1,1,1,1|
002|003|003|1400|04/11/2019|Digital|0,0,0,0,0,0,0,0,0|1,0,1,1,0,0,0,0,0|1,1,0,1,1,0,0,1,0|1,0,0,1,1,0,1,0,0|1,1,1,0,1,0,1,0,1|1,0,0,1,0,0,0,1,0|1,1,1,0,1,0,0,0,0|1,1,0,0,0,0,0,0,0|
002|001|003|1600|04/11/2019|Digital|0,0,0,0,1,0,0,0,1|0,0,1,1,0,0,1,0,1|0,0,0,0,1,1,1,0,0|1,1,1,0,0,0,1,1,1|1,0,0,1,0,1,0,0,0|0,0,1,1,0,0,1,0,1|1,0,1,0,0,0,0,0,0|0,0,0,1,1,1,1,1,1|
002|002|003|1830|04/11/2019|Digital|0,0,0,0,0,1,1,1,0|0,1,0,0,0,1,1,1,0|1,0,1,0,1,0,1,1,0|1,0,0,1,0,1,0,0,1|1,1,1,1,1,1,1,1,0|0,0,1,1,0,1,0,0,0|0,0,1,1,1,1,0,0,0|1,1,1,1,1,1,1,1,1|
002|001|003|0900|05/11/2019|Digital|1,0,1,0,1,0,1,0,1|1,1,0,0,1,1,0,1,1|1,1,0,0,1,1,0,1,1|1,1,0,0,1,1,0,1,1|1,1,0,0,1,1,0,1,1|1,1,0,0,1,1,0,1,1|1,1,0,0,1,1,0,1,1|1,1,0,0,1,1,0,1,1|
002|005|003|1130|05/11/2019|3D|0,0,0,0,0,0,0,0,0|0,0,0,0,0,0,0,0,0|0,0,1,0,0,0,0,0,1|1,0,0,0,1,0,0,0,0|0,0,0,1,0,0,0,0,0|0,0,0,0,1,0,0,0,0|0,1,0,1,1,0,0,1,1|1,0,0,1,1,1,0,0,1|
002|006|003|1300|05/11/2019|IMAX|0,0,0,0,0,0,0,0,0|0,0,0,0,0,0,0,0,0|0,0,0,0,0,0,0,0,0|0,0,0,0,0,0,0,0,0|0,0,0,0,0,0,0,0,0|0,0,0,0,0,0,0,0,0|0,0,0,0,0,0,0,0,0|0,0,0,0,0,0,0,0,1|
002|002|003|1430|05/11/2019|Digital|0,0,0,0,0,0,0,0,0|0,0,0,0,0,1,1,1,1|0,0,0,0,0,1,1,1,1|1,1,1,1,1,1,1,0,0|1,1,1,1,1,1,0,0,0|1,1,1,1,1,1,1,1,1|1,1,1,1,1,1,0,1,1|1,1,0,1,0,1,1,1,1|
002|003|003|1700|05/11/2019|IMAX|0,0,0,0,1,0,0,0,1|0,0,1,1,0,0,1,0,1|0,0,0,0,1,1,1,0,0|1,1,1,0,0,0,1,1,1|1,0,0,1,0,1,0,0,0|0,0,1,1,0,0,1,0,1|1,0,1,0,0,0,0,0,0|0,0,0,1,1,1,1,1,1|
002|004|003|1900|05/11/2019|Digital|0,0,0,0,0,1,1,1,0|0,1,0,0,0,1,1,1,0|1,0,1,0,1,0,1,1,0|1,0,0,1,0,1,0,0,1|1,1,1,1,1,1,1,1,0|0,0,1,1,0,1,0,0,0|0,0,1,1,1,1,0,0,0|1,1,1,1,1,1,1,1,1|
002|003|003|0900|06/11/2019|Digital|0,0,0,0,0,0,0,0,0|0,0,0,0,0,0,0,0,0|0,0,0,0,0,0,0,0,0|0,0,0,0,0,0,0,0,0|0,0,0,0,0,0,0,0,0|0,0,0,0,0,0,0,0,0|0,0,0,0,0,0,0,0,0|0,0,0,0,0,0,0,0,1|
002|005|003|1100|06/11/2019|IMAX|0,0,0,0,0,0,0,0,0|0,0,0,0,0,0,0,0,0|0,0,0,0,0,0,0,0,0|0,0,0,0,0,0,0,0,0|0,0,0,0,0,0,0,0,0|0,0,0,0,0,0,0,0,0|0,0,0,0,0,0,0,0,0|0,0,0,0,0,0,0,0,0|
002|006|003|1230|06/11/2019|3D|0,0,0,0,0,0,0,0,1|1,0,0,0,0,0,0,0,0|0,0,0,0,1,1,1,1,0|1,1,1,0,0,0,1,1,1|1,1,1,1,0,1,1,1,1|1,0,0,1,0,1,0,0,1|1,0,1,0,1,0,1,0,0|1,1,1,1,1,1,1,1,1|
002|002|003|1400|06/11/2019|Digital|0,0,0,0,0,0,0,0,0|0,0,0,0,0,1,1,1,1|0,0,0,0,0,1,1,1,1|1,1,1,1,1,1,1,0,0|1,1,1,1,1,1,0,0,0|1,1,1,1,1,1,1,1,1|1,1,1,1,1,1,0,1,1|1,1,0,1,0,1,1,1,1|
002|001|003|1630|06/11/2019|Digital|0,0,0,0,0,0,0,0,0|0,0,0,0,0,1,1,1,1|0,0,0,0,1,1,1,0,0|1,1,1,1,0,0,0,0,0|0,0,0,0,0,1,1,1,1|0,0,0,0,0,0,1,1,1|1,1,1,0,1,1,1,1,0|1,0,1,1,1,1,1,0,0|
002|004|003|1900|06/11/2019|Digital|0,0,0,0,1,0,0,0,1|0,0,1,1,0,0,1,0,1|0,0,0,0,1,1,1,0,0|1,1,1,0,0,0,1,1,1|1,0,0,1,0,1,0,0,0|0,0,1,1,0,0,1,0,1|1,0,1,0,0,0,0,0,0|0,0,0,1,1,1,1,1,1|
002|005|003|0900|07/11/2019|Digital|0,0,0,0,0,0,0,0,0|0,0,0,0,0,0,0,0,0|0,0,0,0,0,0,0,0,0|0,0,0,0,0,0,0,0,0|0,0,0,0,0,0,0,0,0|0,0,0,0,0,0,0,0,0|0,0,0,0,0,0,0,0,0|0,0,0,0,0,0,0,0,1|
002|004|003|1030|07/11/2019|IMAX|0,0,0,0,0,0,0,0,0|0,0,0,0,0,0,0,0,0|0,0,1,0,0,0,0,0,1|1,0,0,0,1,0,0,0,0|0,0,0,1,0,0,0,0,0|0,0,0,0,1,0,0,0,0|0,1,0,1,1,0,0,1,1|1,0,0,1,1,1,0,0,1|
002|006|003|1230|07/11/2019|3D|0,0,0,0,0,1,1,1,0|0,1,0,0,0,1,1,1,0|1,0,1,0,1,0,1,1,0|1,0,0,1,0,1,0,0,1|1,1,1,1,1,1,1,1,0|0,0,1,1,0,1,0,0,0|0,0,1,1,1,1,0,0,0|1,1,1,1,1,1,1,1,1|
002|002|003|1400|07/11/2019|IMAX|0,0,0,0,0,0,0,0,0|0,0,0,0,0,0,0,0,0|0,0,0,0,0,0,0,0,0|0,0,1,1,1,1,1,0,0|0,0,1,1,1,1,1,0,0|0,0,1,1,1,1,1,0,0|0,0,0,1,1,1,1,0,0|0,0,0,1,1,1,1,1,0|
002|001|003|1630|07/11/2019|Digital|0,0,0,0,0,0,0,0,0|1,0,1,1,0,0,0,0,0|1,1,0,1,1,0,0,1,0|1,0,0,1,1,0,1,0,0|1,1,1,0,1,0,1,0,1|1,0,0,1,0,0,0,1,0|1,1,1,0,1,0,0,0,0|1,1,0,0,0,0,0,0,0|
002|003|003|1900|07/11/2019|Digital|0,0,0,0,0,0,0,0,0|0,0,0,0,0,1,1,1,1|0,0,0,0,1,1,1,0,0|1,1,1,1,0,0,0,0,0|0,0,0,0,0,1,1,1,1|0,0,0,0,0,0,1,1,1|1,1,1,0,1,1,1,1,0|1,0,1,1,1,1,1,0,0|
003|001|001|0900|01/11/2019|Digital|0,0,0,0,0,0,0,0,0|0,0,0,0,0,0,0,0,0|0,0,0,0,0,0,0,0,0|0,0,0,0,0,0,0,0,0|0,0,0,0,0,0,0,0,0|0,0,0,0,0,0,0,0,0|0,0,0,0,0,0,0,0,0|0,0,0,0,0,0,0,0,0|
003|005|001|1130|01/11/2019|Digital|0,0,0,0,0,0,0,0,0|0,0,0,0,0,0,0,0,0|0,0,0,0,0,0,0,0,0|0,0,0,0,0,0,0,0,0|0,0,0,0,0,0,0,0,0|0,0,0,0,0,0,0,0,0|0,0,0,0,0,0,0,0,0|0,0,0,0,0,0,0,0,1|
003|003|001|1300|01/11/2019|3D|0,0,0,0,0,0,0,0,1|1,0,0,0,0,0,0,0,0|0,0,0,0,1,1,1,1,0|1,1,1,0,0,0,1,1,1|1,1,1,1,0,1,1,1,1|1,0,0,1,0,1,0,0,1|1,0,1,0,1,0,1,0,0|1,1,1,1,1,1,1,1,1|
003|002|001|1500|01/11/2019|Digital|0,0,0,0,0,0,0,0,0|0,0,0,0,0,1,1,1,1|0,0,0,0,0,1,1,1,1|1,1,1,1,1,1,1,0,0|1,1,1,1,1,1,0,0,0|1,1,1,1,1,1,1,1,1|1,1,1,1,1,1,0,1,1|1,1,0,1,0,1,1,1,1|
003|006|001|1730|01/11/2019|IMAX|0,0,0,0,0,1,1,1,0|0,1,0,0,0,1,1,1,0|1,0,1,0,1,0,1,1,0|1,0,0,1,0,1,0,0,1|1,1,1,1,1,1,1,1,0|0,0,1,1,0,1,0,0,0|0,0,1,1,1,1,0,0,0|1,1,1,1,1,1,1,1,1|
003|004|001|1900|01/11/2019|IMAX|0,0,0,0,1,0,0,0,1|0,0,1,1,0,0,1,0,1|0,0,0,0,1,1,1,0,0|1,1,1,0,0,0,1,1,1|1,0,0,1,0,1,0,0,0|0,0,1,1,0,0,1,0,1|1,0,1,0,0,0,0,0,0|0,0,0,1,1,1,1,1,1|
003|001|001|0900|02/11/2019|Digital|0,0,0,0,0,0,0,0,0|0,0,0,0,0,0,0,0,0|0,0,0,0,0,0,0,0,0|0,0,0,0,0,0,0,0,0|0,0,0,0,0,0,0,0,0|0,0,0,0,0,0,0,0,0|0,0,0,0,0,0,0,0,0|0,0,0,0,0,0,0,0,1|
003|002|001|1130|02/11/2019|Digital|0,0,0,0,0,0,0,1,1|0,0,0,0,0,1,1,1,0|0,0,0,0,0,1,1,1,1|0,0,0,1,1,1,0,0,0|1,0,0,0,1,0,1,0,1|1,0,0,0,0,0,0,1,1|0,0,0,0,1,1,1,1,0|1,0,1,0,1,0,1,1,1|
003|004|001|1400|02/11/2019|IMAX|0,0,0,0,0,1,1,1,0|1,1,1,1,0,0,0,0,0|1,1,0,0,1,1,0,0,0|1,1,1,1,1,1,1,0,0|1,1,1,1,1,1,1,0,0|1,1,1,1,0,1,1,1,0|1,1,1,1,1,1,1,1,1|1,1,1,1,1,1,1,1,1|
003|003|001|1600|02/11/2019|Digital|0,0,0,0,1,0,0,0,1|0,0,1,1,0,0,1,0,1|0,0,0,0,1,1,1,0,0|1,1,1,0,0,0,1,1,1|1,0,0,1,0,1,0,0,0|0,0,1,1,0,0,1,0,1|1,0,1,0,0,0,0,0,0|0,0,0,1,1,1,1,1,1|
003|006|001|1800|02/11/2019|Digital|0,0,0,0,0,0,0,0,0|0,0,0,0,0,0,0,0,0|0,0,0,0,0,0,0,0,0|0,0,1,1,1,1,1,0,0|0,0,1,1,1,1,1,0,0|0,0,1,1,1,1,1,0,0|0,0,0,1,1,1,1,0,0|0,0,0,1,1,1,1,1,0|
003|005|001|1930|02/11/2019|3D|0,0,0,0,0,0,0,0,0|0,0,0,0,0,0,0,0,0|0,0,0,0,0,1,1,1,1|0,0,0,0,0,0,0,0,0|0,0,0,1,1,1,1,1,1|1,1,1,1,1,0,0,1,0|1,0,1,0,1,0,1,0,1|0,0,0,0,0,1,1,1,1|
003|001|001|0900|03/11/2019|Digital|0,0,0,0,0,0,0,0,0|0,0,0,0,0,1,1,1,1|0,0,0,0,1,1,1,0,0|1,1,1,1,0,0,0,0,0|0,0,0,0,0,1,1,1,1|0,0,0,0,0,0,1,1,1|1,1,1,0,1,1,1,1,0|1,0,1,1,1,1,1,0,0|
003|002|001|1200|03/11/2019|IMAX|1,0,1,0,1,0,1,0,1|1,1,0,0,1,1,0,1,1|1,1,0,0,1,1,0,1,1|1,1,0,0,1,1,0,1,1|1,1,0,0,1,1,0,1,1|1,1,0,0,1,1,0,1,1|1,1,0,0,1,1,0,1,1|1,1,0,0,1,1,0,1,1|
003|003|001|1500|03/11/2019|3D|0,0,0,0,0,0,0,0,0|0,0,0,0,0,0,0,0,0|0,0,0,0,0,0,0,0,0|0,0,1,1,1,1,1,0,0|0,0,1,1,1,1,1,0,0|0,0,1,1,1,1,1,0,0|0,0,0,1,1,1,1,0,0|0,0,0,1,1,1,1,1,0|
003|004|001|1700|03/11/2019|IMAX|0,0,0,0,0,0,0,0,0|0,0,0,0,0,0,0,0,0|0,0,0,0,0,1,1,1,1|0,0,0,0,0,0,0,0,0|0,0,0,1,1,1,1,1,1|1,1,1,1,1,0,0,1,0|1,0,1,0,1,0,1,0,1|0,0,0,0,0,1,1,1,1|
003|005|001|1900|03/11/2019|Digital|0,0,0,0,0,0,0,1,1|0,0,0,0,0,1,1,1,0|0,0,0,0,0,1,1,1,1|0,0,0,1,1,1,0,0,0|1,0,0,0,1,0,1,0,1|1,0,0,0,0,0,0,1,1|0,0,0,0,1,1,1,1,0|1,0,1,0,1,0,1,1,1|
003|006|001|2030|03/11/2019|3D|1,1,0,0,0,0,0,0,0|0,0,0,0,0,0,0,0,1|1,1,0,0,1,1,0,0,0|1,0,1,0,1,1,0,0,1|1,0,0,0,1,0,0,1,0|1,1,1,1,0,0,0,0,0|0,0,0,0,1,1,1,0,0|0,0,0,0,0,0,0,0,0|
003|001|001|0900|04/11/2019|3D|0,0,0,0,0,1,1,1,0|0,1,0,0,0,1,1,1,0|1,0,1,0,1,0,1,1,0|1,0,0,1,0,1,0,0,1|1,1,1,1,1,1,1,1,0|0,0,1,1,0,1,0,0,0|0,0,1,1,1,1,0,0,0|1,1,1,1,1,1,1,1,1|
003|002|001|1200|04/11/2019|Digital|0,0,0,0,0,0,0,0,1|1,0,0,0,0,0,0,0,0|0,0,0,0,1,1,1,1,0|1,1,1,0,0,0,1,1,1|1,1,1,1,0,1,1,1,1|1,0,0,1,0,1,0,0,1|1,0,1,0,1,0,1,0,0|1,1,1,1,1,1,1,1,1|
003|003|001|1500|04/11/2019|3D|0,0,0,0,0,0,0,0,0|0,0,0,0,0,0,0,0,0|0,0,0,0,0,0,0,0,0|0,0,1,1,1,1,1,0,0|0,0,1,1,1,1,1,0,0|0,0,1,1,1,1,1,0,0|0,0,0,1,1,1,1,0,0|0,0,0,1,1,1,1,1,0|
003|004|001|1700|04/11/2019|Digital|0,0,0,0,0,1,1,1,0|1,1,1,1,0,0,0,0,0|1,1,0,0,1,1,0,0,0|1,1,1,1,1,1,1,0,0|1,1,1,1,1,1,1,0,0|1,1,1,1,0,1,1,1,0|1,1,1,1,1,1,1,1,1|1,1,1,1,1,1,1,1,1|
003|005|001|1900|04/11/2019|Digital|0,0,0,0,0,0,0,0,0|0,0,0,0,0,0,0,0,0|0,0,1,0,0,0,0,0,1|1,0,0,0,1,0,0,0,0|0,0,0,1,0,0,0,0,0|0,0,0,0,1,0,0,0,0|0,1,0,1,1,0,0,1,1|1,0,0,1,1,1,0,0,1|
003|006|001|2030|04/11/2019|IMAX|0,0,0,0,0,0,0,0,0|1,0,1,1,0,0,0,0,0|1,1,0,1,1,0,0,1,0|1,0,0,1,1,0,1,0,0|1,1,1,0,1,0,1,0,1|1,0,0,1,0,0,0,1,0|1,1,1,0,1,0,0,0,0|1,1,0,0,0,0,0,0,0|
003|001|001|0900|05/11/2019|Digital|0,0,0,0,0,1,1,1,0|1,1,1,1,0,0,0,0,0|1,1,0,0,1,1,0,0,0|1,1,1,1,1,1,1,0,0|1,1,1,1,1,1,1,0,0|1,1,1,1,0,1,1,1,0|1,1,1,1,1,1,1,1,1|1,1,1,1,1,1,1,1,1|
003|003|001|1130|05/11/2019|3D|0,0,0,0,0,0,0,0,0|0,0,0,0,0,1,1,1,1|0,0,0,0,0,1,1,1,1|1,1,1,1,1,1,1,0,0|1,1,1,1,1,1,0,0,0|1,1,1,1,1,1,1,1,1|1,1,1,1,1,1,0,1,1|1,1,0,1,0,1,1,1,1|
003|005|001|1400|05/11/2019|Digital|0,0,0,0,0,0,0,0,0|0,0,0,0,0,0,0,0,0|0,0,1,0,0,0,0,0,1|1,0,0,0,1,0,0,0,0|0,0,0,1,0,0,0,0,0|0,0,0,0,1,0,0,0,0|0,1,0,1,1,0,0,1,1|1,0,0,1,1,1,0,0,1|
003|006|001|1600|05/11/2019|Digital|1,1,0,0,0,0,0,0,0|0,0,0,0,0,0,0,0,1|1,1,0,0,1,1,0,0,0|1,0,1,0,1,1,0,0,1|1,0,0,0,1,0,0,1,0|1,1,1,1,0,0,0,0,0|0,0,0,0,1,1,1,0,0|0,0,0,0,0,0,0,0,0|
003|002|001|1730|05/11/2019|3D|0,0,0,0,0,0,0,0,0|0,0,0,0,0,0,0,0,0|0,0,0,0,0,1,1,1,1|0,0,0,0,0,0,0,0,0|0,0,0,1,1,1,1,1,1|1,1,1,1,1,0,0,1,0|1,0,1,0,1,0,1,0,1|0,0,0,0,0,1,1,1,1|
003|006|001|2000|05/11/2019|IMAX|0,0,0,0,0,0,0,0,0|0,0,0,0,0,0,0,0,0|0,0,1,0,0,0,0,0,1|1,0,0,0,1,0,0,0,0|0,0,0,1,0,0,0,0,0|0,0,0,0,1,0,0,0,0|0,1,0,1,1,0,0,1,1|1,0,0,1,1,1,0,0,1|
003|003|001|0900|06/11/2019|Digital|0,0,0,0,1,0,0,0,1|0,0,1,1,0,0,1,0,1|0,0,0,0,1,1,1,0,0|1,1,1,0,0,0,1,1,1|1,0,0,1,0,1,0,0,0|0,0,1,1,0,0,1,0,1|1,0,1,0,0,0,0,0,0|0,0,0,1,1,1,1,1,1|
003|004|001|1100|06/11/2019|Digital|0,0,0,0,0,1,1,1,0|0,1,0,0,0,1,1,1,0|1,0,1,0,1,0,1,1,0|1,0,0,1,0,1,0,0,1|1,1,1,1,1,1,1,1,0|0,0,1,1,0,1,0,0,0|0,0,1,1,1,1,0,0,0|1,1,1,1,1,1,1,1,1|
003|002|001|1300|06/11/2019|3D|1,1,0,0,0,0,0,0,0|0,0,0,0,0,0,0,0,1|1,1,0,0,1,1,0,0,0|1,0,1,0,1,1,0,0,1|1,0,0,0,1,0,0,1,0|1,1,1,1,0,0,0,0,0|0,0,0,0,1,1,1,0,0|0,0,0,0,0,0,0,0,0|
003|006|001|1530|06/11/2019|Digital|1,0,1,0,1,0,1,0,1|1,1,0,0,1,1,0,1,1|1,1,0,0,1,1,0,1,1|1,1,0,0,1,1,0,1,1|1,1,0,0,1,1,0,1,1|1,1,0,0,1,1,0,1,1|1,1,0,0,1,1,0,1,1|1,1,0,0,1,1,0,1,1|
003|001|001|1700|06/11/2019|Digital|0,0,0,0,0,1,1,1,0|1,1,1,1,0,0,0,0,0|1,1,0,0,1,1,0,0,0|1,1,1,1,1,1,1,0,0|1,1,1,1,1,1,1,0,0|1,1,1,1,0,1,1,1,0|1,1,1,1,1,1,1,1,1|1,1,1,1,1,1,1,1,1|
003|005|001|1930|06/11/2019|3D|0,0,0,0,0,0,0,0,0|0,0,0,0,0,0,0,0,0|0,0,0,0,0,1,1,1,1|0,0,0,0,0,0,0,0,0|0,0,0,1,1,1,1,1,1|1,1,1,1,1,0,0,1,0|1,0,1,0,1,0,1,0,1|0,0,0,0,0,1,1,1,1|
003|001|001|0900|07/11/2019|Digital|0,0,0,0,0,1,1,1,0|1,1,1,1,0,0,0,0,0|1,1,0,0,1,1,0,0,0|1,1,1,1,1,1,1,0,0|1,1,1,1,1,1,1,0,0|1,1,1,1,0,1,1,1,0|1,1,1,1,1,1,1,1,1|1,1,1,1,1,1,1,1,1|
003|002|001|1200|07/11/2019|3D|0,0,0,0,0,0,0,0,0|1,0,1,1,0,0,0,0,0|1,1,0,1,1,0,0,1,0|1,0,0,1,1,0,1,0,0|1,1,1,0,1,0,1,0,1|1,0,0,1,0,0,0,1,0|1,1,1,0,1,0,0,0,0|1,1,0,0,0,0,0,0,0|
003|003|001|1500|07/11/2019|3D|0,0,0,0,0,1,1,1,0|0,1,0,0,0,1,1,1,0|1,0,1,0,1,0,1,1,0|1,0,0,1,0,1,0,0,1|1,1,1,1,1,1,1,1,0|0,0,1,1,0,1,0,0,0|0,0,1,1,1,1,0,0,0|1,1,1,1,1,1,1,1,1|
003|004|001|1700|07/11/2019|IMAX|0,0,0,0,0,0,0,0,0|0,0,0,0,0,0,0,0,0|0,0,1,0,0,0,0,0,1|1,0,0,0,1,0,0,0,0|0,0,0,1,0,0,0,0,0|0,0,0,0,1,0,0,0,0|0,1,0,1,1,0,0,1,1|1,0,0,1,1,1,0,0,1|
003|005|001|1900|07/11/2019|Digital|0,0,0,0,0,0,0,0,0|0,0,0,0,0,0,0,0,0|0,0,0,0,0,0,0,0,0|0,0,0,0,0,0,0,0,0|0,0,0,0,0,0,0,0,0|0,0,0,0,0,0,0,0,0|0,0,0,0,0,0,0,0,0|0,0,0,0,0,0,0,0,1|
003|006|001|2030|07/11/2019|3D|0,0,0,0,0,0,0,0,0|0,0,0,0,0,0,0,0,0|0,0,0,0,0,0,0,0,0|0,0,1,1,1,1,1,0,0|0,0,1,1,1,1,1,0,0|0,0,1,1,1,1,1,0,0|0,0,0,1,1,1,1,0,0|0,0,0,1,1,1,1,1,0|
003|001|002|0900|01/11/2019|Digital|0,0,0,0,0,0,0,0,0|0,0,0,0,0,0,0,0,0|0,0,0,0,0,0,0,0,0|0,0,0,0,0,0,0,0,0|0,0,0,0,0,0,0,0,0|0,0,0,0,0,0,0,0,0|0,0,0,0,0,0,0,0,0|0,0,0,0,0,0,0,0,0|
003|005|002|1130|01/11/2019|Digital|0,0,0,0,0,0,0,0,0|0,0,0,0,0,0,0,0,0|0,0,0,0,0,0,0,0,0|0,0,0,0,0,0,0,0,0|0,0,0,0,0,0,0,0,0|0,0,0,0,0,0,0,0,0|0,0,0,0,0,0,0,0,0|0,0,0,0,0,0,0,0,1|
003|003|002|1300|01/11/2019|3D|0,0,0,0,0,0,0,0,1|1,0,0,0,0,0,0,0,0|0,0,0,0,1,1,1,1,0|1,1,1,0,0,0,1,1,1|1,1,1,1,0,1,1,1,1|1,0,0,1,0,1,0,0,1|1,0,1,0,1,0,1,0,0|1,1,1,1,1,1,1,1,1|
003|002|002|1500|01/11/2019|Digital|0,0,0,0,0,0,0,0,0|0,0,0,0,0,1,1,1,1|0,0,0,0,0,1,1,1,1|1,1,1,1,1,1,1,0,0|1,1,1,1,1,1,0,0,0|1,1,1,1,1,1,1,1,1|1,1,1,1,1,1,0,1,1|1,1,0,1,0,1,1,1,1|
003|006|002|1730|01/11/2019|IMAX|0,0,0,0,0,1,1,1,0|0,1,0,0,0,1,1,1,0|1,0,1,0,1,0,1,1,0|1,0,0,1,0,1,0,0,1|1,1,1,1,1,1,1,1,0|0,0,1,1,0,1,0,0,0|0,0,1,1,1,1,0,0,0|1,1,1,1,1,1,1,1,1|
003|004|002|1900|01/11/2019|IMAX|0,0,0,0,1,0,0,0,1|0,0,1,1,0,0,1,0,1|0,0,0,0,1,1,1,0,0|1,1,1,0,0,0,1,1,1|1,0,0,1,0,1,0,0,0|0,0,1,1,0,0,1,0,1|1,0,1,0,0,0,0,0,0|0,0,0,1,1,1,1,1,1|
003|001|002|0900|02/11/2019|Digital|0,0,0,0,0,0,0,0,0|0,0,0,0,0,0,0,0,0|0,0,0,0,0,0,0,0,0|0,0,0,0,0,0,0,0,0|0,0,0,0,0,0,0,0,0|0,0,0,0,0,0,0,0,0|0,0,0,0,0,0,0,0,0|0,0,0,0,0,0,0,0,1|
003|002|002|1130|02/11/2019|Digital|0,0,0,0,0,0,0,1,1|0,0,0,0,0,1,1,1,0|0,0,0,0,0,1,1,1,1|0,0,0,1,1,1,0,0,0|1,0,0,0,1,0,1,0,1|1,0,0,0,0,0,0,1,1|0,0,0,0,1,1,1,1,0|1,0,1,0,1,0,1,1,1|
003|004|002|1400|02/11/2019|IMAX|0,0,0,0,0,1,1,1,0|1,1,1,1,0,0,0,0,0|1,1,0,0,1,1,0,0,0|1,1,1,1,1,1,1,0,0|1,1,1,1,1,1,1,0,0|1,1,1,1,0,1,1,1,0|1,1,1,1,1,1,1,1,1|1,1,1,1,1,1,1,1,1|
003|003|002|1600|02/11/2019|Digital|0,0,0,0,1,0,0,0,1|0,0,1,1,0,0,1,0,1|0,0,0,0,1,1,1,0,0|1,1,1,0,0,0,1,1,1|1,0,0,1,0,1,0,0,0|0,0,1,1,0,0,1,0,1|1,0,1,0,0,0,0,0,0|0,0,0,1,1,1,1,1,1|
003|006|002|1800|02/11/2019|Digital|0,0,0,0,0,0,0,0,0|0,0,0,0,0,0,0,0,0|0,0,0,0,0,0,0,0,0|0,0,1,1,1,1,1,0,0|0,0,1,1,1,1,1,0,0|0,0,1,1,1,1,1,0,0|0,0,0,1,1,1,1,0,0|0,0,0,1,1,1,1,1,0|
003|005|002|1930|02/11/2019|3D|0,0,0,0,0,0,0,0,0|0,0,0,0,0,0,0,0,0|0,0,0,0,0,1,1,1,1|0,0,0,0,0,0,0,0,0|0,0,0,1,1,1,1,1,1|1,1,1,1,1,0,0,1,0|1,0,1,0,1,0,1,0,1|0,0,0,0,0,1,1,1,1|
003|003|002|0900|03/11/2019|Digital|0,0,0,0,0,0,0,0,1|1,0,0,0,0,0,0,0,0|0,0,0,0,1,1,1,1,0|1,1,1,0,0,0,1,1,1|1,1,1,1,0,1,1,1,1|1,0,0,1,0,1,0,0,1|1,0,1,0,1,0,1,0,0|1,1,1,1,1,1,1,1,1|
003|004|002|1100|03/11/2019|Digital|0,0,0,0,0,0,0,0,0|0,0,0,0,0,1,1,1,1|0,0,0,0,1,1,1,0,0|1,1,1,1,0,0,0,0,0|0,0,0,0,0,1,1,1,1|0,0,0,0,0,0,1,1,1|1,1,1,0,1,1,1,1,0|1,0,1,1,1,1,1,0,0|
003|002|002|1300|03/11/2019|3D|1,0,1,0,1,0,1,0,1|1,1,0,0,1,1,0,1,1|1,1,0,0,1,1,0,1,1|1,1,0,0,1,1,0,1,1|1,1,0,0,1,1,0,1,1|1,1,0,0,1,1,0,1,1|1,1,0,0,1,1,0,1,1|1,1,0,0,1,1,0,1,1|
003|006|002|1530|03/11/2019|Digital|0,0,0,0,0,0,0,0,0|0,0,0,0,0,0,0,0,0|0,0,0,0,0,0,0,0,0|0,0,1,1,1,1,1,0,0|0,0,1,1,1,1,1,0,0|0,0,1,1,1,1,1,0,0|0,0,0,1,1,1,1,0,0|0,0,0,1,1,1,1,1,0|
003|001|002|1700|03/11/2019|Digital|1,1,0,0,0,0,0,0,0|0,0,0,0,0,0,0,0,1|1,1,0,0,1,1,0,0,0|1,0,1,0,1,1,0,0,1|1,0,0,0,1,0,0,1,0|1,1,1,1,0,0,0,0,0|0,0,0,0,1,1,1,0,0|0,0,0,0,0,0,0,0,0|
003|005|002|1930|03/11/2019|3D|0,0,0,0,0,1,1,1,0|1,1,1,1,0,0,0,0,0|1,1,0,0,1,1,0,0,0|1,1,1,1,1,1,1,0,0|1,1,1,1,1,1,1,0,0|1,1,1,1,0,1,1,1,0|1,1,1,1,1,1,1,1,1|1,1,1,1,1,1,1,1,1|`
003|001|002|0900|04/11/2019|Digital|0,0,0,0,0,0,0,0,0|0,0,0,0,0,0,0,0,0|0,0,0,0,0,0,0,0,0|0,0,1,1,1,1,1,0,0|0,0,1,1,1,1,1,0,0|0,0,1,1,1,1,1,0,0|0,0,0,1,1,1,1,0,0|0,0,0,1,1,1,1,1,0|
003|002|002|1200|04/11/2019|Digital|0,0,0,0,0,0,0,0,0|1,0,1,1,0,0,0,0,0|1,1,0,1,1,0,0,1,0|1,0,0,1,1,0,1,0,0|1,1,1,0,1,0,1,0,1|1,0,0,1,0,0,0,1,0|1,1,1,0,1,0,0,0,0|1,1,0,0,0,0,0,0,0|
003|003|002|1500|04/11/2019|3D|0,0,0,0,1,0,0,0,1|0,0,1,1,0,0,1,0,1|0,0,0,0,1,1,1,0,0|1,1,1,0,0,0,1,1,1|1,0,0,1,0,1,0,0,0|0,0,1,1,0,0,1,0,1|1,0,1,0,0,0,0,0,0|0,0,0,1,1,1,1,1,1|
003|004|002|1700|04/11/2019|IMAX|0,0,0,0,0,0,0,0,0|1,0,1,1,0,0,0,0,0|1,1,0,1,1,0,0,1,0|1,0,0,1,1,0,1,0,0|1,1,1,0,1,0,1,0,1|1,0,0,1,0,0,0,1,0|1,1,1,0,1,0,0,0,0|1,1,0,0,0,0,0,0,0|
003|005|002|1900|04/11/2019|Digital|0,0,0,0,0,1,1,1,0|1,1,1,1,0,0,0,0,0|1,1,0,0,1,1,0,0,0|1,1,1,1,1,1,1,0,0|1,1,1,1,1,1,1,0,0|1,1,1,1,0,1,1,1,0|1,1,1,1,1,1,1,1,1|1,1,1,1,1,1,1,1,1|
003|006|002|2030|04/11/2019|3D|0,0,0,0,0,0,0,0,1|1,0,0,0,0,0,0,0,0|0,0,0,0,1,1,1,1,0|1,1,1,0,0,0,1,1,1|1,1,1,1,0,1,1,1,1|1,0,0,1,0,1,0,0,1|1,0,1,0,1,0,1,0,0|1,1,1,1,1,1,1,1,1|
003|001|002|0900|05/11/2019|Digital|0,0,0,0,0,0,0,0,0|0,0,0,0,0,0,0,0,0|0,0,0,0,0,0,0,0,0|0,0,0,0,0,0,0,0,0|0,0,0,0,0,0,0,0,0|0,0,0,0,0,0,0,0,0|0,0,0,0,0,0,0,0,0|0,0,0,0,0,0,0,0,1|
003|002|002|1130|05/11/2019|Digital|0,0,0,0,0,0,0,1,1|0,0,0,0,0,1,1,1,0|0,0,0,0,0,1,1,1,1|0,0,0,1,1,1,0,0,0|1,0,0,0,1,0,1,0,1|1,0,0,0,0,0,0,1,1|0,0,0,0,1,1,1,1,0|1,0,1,0,1,0,1,1,1|
003|004|002|1400|05/11/2019|IMAX|0,0,0,0,0,1,1,1,0|1,1,1,1,0,0,0,0,0|1,1,0,0,1,1,0,0,0|1,1,1,1,1,1,1,0,0|1,1,1,1,1,1,1,0,0|1,1,1,1,0,1,1,1,0|1,1,1,1,1,1,1,1,1|1,1,1,1,1,1,1,1,1|
003|003|002|1600|05/11/2019|Digital|0,0,0,0,1,0,0,0,1|0,0,1,1,0,0,1,0,1|0,0,0,0,1,1,1,0,0|1,1,1,0,0,0,1,1,1|1,0,0,1,0,1,0,0,0|0,0,1,1,0,0,1,0,1|1,0,1,0,0,0,0,0,0|0,0,0,1,1,1,1,1,1|
003|006|002|1800|05/11/2019|Digital|0,0,0,0,0,0,0,0,0|0,0,0,0,0,0,0,0,0|0,0,0,0,0,0,0,0,0|0,0,1,1,1,1,1,0,0|0,0,1,1,1,1,1,0,0|0,0,1,1,1,1,1,0,0|0,0,0,1,1,1,1,0,0|0,0,0,1,1,1,1,1,0|
003|005|002|1930|05/11/2019|3D|0,0,0,0,0,0,0,0,0|0,0,0,0,0,0,0,0,0|0,0,0,0,0,1,1,1,1|0,0,0,0,0,0,0,0,0|0,0,0,1,1,1,1,1,1|1,1,1,1,1,0,0,1,0|1,0,1,0,1,0,1,0,1|0,0,0,0,0,1,1,1,1|
003|003|002|0900|06/11/2019|Digital|0,0,0,0,1,0,0,0,1|0,0,1,1,0,0,1,0,1|0,0,0,0,1,1,1,0,0|1,1,1,0,0,0,1,1,1|1,0,0,1,0,1,0,0,0|0,0,1,1,0,0,1,0,1|1,0,1,0,0,0,0,0,0|0,0,0,1,1,1,1,1,1|
003|004|002|1100|06/11/2019|Digital|0,0,0,0,0,1,1,1,0|0,1,0,0,0,1,1,1,0|1,0,1,0,1,0,1,1,0|1,0,0,1,0,1,0,0,1|1,1,1,1,1,1,1,1,0|0,0,1,1,0,1,0,0,0|0,0,1,1,1,1,0,0,0|1,1,1,1,1,1,1,1,1|
003|002|002|1300|06/11/2019|3D|1,1,0,0,0,0,0,0,0|0,0,0,0,0,0,0,0,1|1,1,0,0,1,1,0,0,0|1,0,1,0,1,1,0,0,1|1,0,0,0,1,0,0,1,0|1,1,1,1,0,0,0,0,0|0,0,0,0,1,1,1,0,0|0,0,0,0,0,0,0,0,0|
003|006|002|1530|06/11/2019|Digital|1,0,1,0,1,0,1,0,1|1,1,0,0,1,1,0,1,1|1,1,0,0,1,1,0,1,1|1,1,0,0,1,1,0,1,1|1,1,0,0,1,1,0,1,1|1,1,0,0,1,1,0,1,1|1,1,0,0,1,1,0,1,1|1,1,0,0,1,1,0,1,1|
003|001|002|1700|06/11/2019|Digital|0,0,0,0,0,1,1,1,0|1,1,1,1,0,0,0,0,0|1,1,0,0,1,1,0,0,0|1,1,1,1,1,1,1,0,0|1,1,1,1,1,1,1,0,0|1,1,1,1,0,1,1,1,0|1,1,1,1,1,1,1,1,1|1,1,1,1,1,1,1,1,1|
003|005|002|1930|06/11/2019|3D|0,0,0,0,0,0,0,0,0|0,0,0,0,0,0,0,0,0|0,0,0,0,0,1,1,1,1|0,0,0,0,0,0,0,0,0|0,0,0,1,1,1,1,1,1|1,1,1,1,1,0,0,1,0|1,0,1,0,1,0,1,0,1|0,0,0,0,0,1,1,1,1|
003|001|002|0900|07/11/2019|Digital|0,0,0,0,0,1,1,1,0|1,1,1,1,0,0,0,0,0|1,1,0,0,1,1,0,0,0|1,1,1,1,1,1,1,0,0|1,1,1,1,1,1,1,0,0|1,1,1,1,0,1,1,1,0|1,1,1,1,1,1,1,1,1|1,1,1,1,1,1,1,1,1|
003|002|002|1200|07/11/2019|Digital|0,0,0,0,0,0,0,0,0|0,0,0,0,0,0,0,0,0|0,0,0,0,0,1,1,1,1|0,0,0,0,0,0,0,0,0|0,0,0,1,1,1,1,1,1|1,1,1,1,1,0,0,1,0|1,0,1,0,1,0,1,0,1|0,0,0,0,0,1,1,1,1|
003|003|002|1500|07/11/2019|3D|0,0,0,0,1,0,0,0,1|0,0,1,1,0,0,1,0,1|0,0,0,0,1,1,1,0,0|1,1,1,0,0,0,1,1,1|1,0,0,1,0,1,0,0,0|0,0,1,1,0,0,1,0,1|1,0,1,0,0,0,0,0,0|0,0,0,1,1,1,1,1,1|
003|004|002|1700|07/11/2019|IMAX|0,0,0,0,0,0,0,1,1|0,0,0,0,0,1,1,1,0|0,0,0,0,0,1,1,1,1|0,0,0,1,1,1,0,0,0|1,0,0,0,1,0,1,0,1|1,0,0,0,0,0,0,1,1|0,0,0,0,1,1,1,1,0|1,0,1,0,1,0,1,1,1|
003|005|002|1900|07/11/2019|Digital|0,0,0,0,0,0,0,0,0|0,0,0,0,0,1,1,1,1|0,0,0,0,0,1,1,1,1|1,1,1,1,1,1,1,0,0|1,1,1,1,1,1,0,0,0|1,1,1,1,1,1,1,1,1|1,1,1,1,1,1,0,1,1|1,1,0,1,0,1,1,1,1|
003|006|002|2030|07/11/2019|3D|0,0,0,0,0,0,0,0,0|0,0,0,0,0,0,0,0,0|0,0,1,0,0,0,0,0,1|1,0,0,0,1,0,0,0,0|0,0,0,1,0,0,0,0,0|0,0,0,0,1,0,0,0,0|0,1,0,1,1,0,0,1,1|1,0,0,1,1,1,0,0,1|
003|001|003|0900|01/11/2019|Digital|0,0,0,0,0,0,0,0,0|0,0,0,0,0,0,0,0,0|0,0,0,0,0,0,0,0,0|0,0,1,1,1,1,1,0,0|0,0,1,1,1,1,1,0,0|0,0,1,1,1,1,1,0,0|0,0,0,1,1,1,1,0,0|0,0,0,1,1,1,1,1,0|
003|002|003|1200|01/11/2019|Digital|0,0,0,0,0,0,0,0,0|1,0,1,1,0,0,0,0,0|1,1,0,1,1,0,0,1,0|1,0,0,1,1,0,1,0,0|1,1,1,0,1,0,1,0,1|1,0,0,1,0,0,0,1,0|1,1,1,0,1,0,0,0,0|1,1,0,0,0,0,0,0,0|
003|003|003|1500|01/11/2019|3D|0,0,0,0,1,0,0,0,1|0,0,1,1,0,0,1,0,1|0,0,0,0,1,1,1,0,0|1,1,1,0,0,0,1,1,1|1,0,0,1,0,1,0,0,0|0,0,1,1,0,0,1,0,1|1,0,1,0,0,0,0,0,0|0,0,0,1,1,1,1,1,1|
003|004|003|1700|01/11/2019|IMAX|0,0,0,0,0,0,0,0,0|1,0,1,1,0,0,0,0,0|1,1,0,1,1,0,0,1,0|1,0,0,1,1,0,1,0,0|1,1,1,0,1,0,1,0,1|1,0,0,1,0,0,0,1,0|1,1,1,0,1,0,0,0,0|1,1,0,0,0,0,0,0,0|
003|005|003|1900|01/11/2019|Digital|0,0,0,0,0,1,1,1,0|1,1,1,1,0,0,0,0,0|1,1,0,0,1,1,0,0,0|1,1,1,1,1,1,1,0,0|1,1,1,1,1,1,1,0,0|1,1,1,1,0,1,1,1,0|1,1,1,1,1,1,1,1,1|1,1,1,1,1,1,1,1,1|
003|006|003|2030|01/11/2019|3D|0,0,0,0,0,0,0,0,1|1,0,0,0,0,0,0,0,0|0,0,0,0,1,1,1,1,0|1,1,1,0,0,0,1,1,1|1,1,1,1,0,1,1,1,1|1,0,0,1,0,1,0,0,1|1,0,1,0,1,0,1,0,0|1,1,1,1,1,1,1,1,1|
003|001|003|0900|02/11/2019|Digital|0,0,0,0,0,0,0,0,0|0,0,0,0,0,0,0,0,0|0,0,0,0,0,0,0,0,0|0,0,0,0,0,0,0,0,0|0,0,0,0,0,0,0,0,0|0,0,0,0,0,0,0,0,0|0,0,0,0,0,0,0,0,0|0,0,0,0,0,0,0,0,1|
003|002|003|1130|02/11/2019|Digital|0,0,0,0,0,0,0,1,1|0,0,0,0,0,1,1,1,0|0,0,0,0,0,1,1,1,1|0,0,0,1,1,1,0,0,0|1,0,0,0,1,0,1,0,1|1,0,0,0,0,0,0,1,1|0,0,0,0,1,1,1,1,0|1,0,1,0,1,0,1,1,1|
003|004|003|1400|02/11/2019|IMAX|0,0,0,0,0,1,1,1,0|1,1,1,1,0,0,0,0,0|1,1,0,0,1,1,0,0,0|1,1,1,1,1,1,1,0,0|1,1,1,1,1,1,1,0,0|1,1,1,1,0,1,1,1,0|1,1,1,1,1,1,1,1,1|1,1,1,1,1,1,1,1,1|
003|003|003|1600|02/11/2019|Digital|0,0,0,0,1,0,0,0,1|0,0,1,1,0,0,1,0,1|0,0,0,0,1,1,1,0,0|1,1,1,0,0,0,1,1,1|1,0,0,1,0,1,0,0,0|0,0,1,1,0,0,1,0,1|1,0,1,0,0,0,0,0,0|0,0,0,1,1,1,1,1,1|
003|006|003|1800|02/11/2019|Digital|0,0,0,0,0,0,0,0,0|0,0,0,0,0,0,0,0,0|0,0,0,0,0,0,0,0,0|0,0,1,1,1,1,1,0,0|0,0,1,1,1,1,1,0,0|0,0,1,1,1,1,1,0,0|0,0,0,1,1,1,1,0,0|0,0,0,1,1,1,1,1,0|
003|005|003|1930|02/11/2019|3D|0,0,0,0,0,0,0,0,0|0,0,0,0,0,0,0,0,0|0,0,0,0,0,1,1,1,1|0,0,0,0,0,0,0,0,0|0,0,0,1,1,1,1,1,1|1,1,1,1,1,0,0,1,0|1,0,1,0,1,0,1,0,1|0,0,0,0,0,1,1,1,1|
003|003|003|0900|03/11/2019|Digital|0,0,0,0,1,0,0,0,1|0,0,1,1,0,0,1,0,1|0,0,0,0,1,1,1,0,0|1,1,1,0,0,0,1,1,1|1,0,0,1,0,1,0,0,0|0,0,1,1,0,0,1,0,1|1,0,1,0,0,0,0,0,0|0,0,0,1,1,1,1,1,1|
003|004|003|1100|03/11/2019|Digital|0,0,0,0,0,1,1,1,0|0,1,0,0,0,1,1,1,0|1,0,1,0,1,0,1,1,0|1,0,0,1,0,1,0,0,1|1,1,1,1,1,1,1,1,0|0,0,1,1,0,1,0,0,0|0,0,1,1,1,1,0,0,0|1,1,1,1,1,1,1,1,1|
003|002|003|1300|03/11/2019|3D|1,1,0,0,0,0,0,0,0|0,0,0,0,0,0,0,0,1|1,1,0,0,1,1,0,0,0|1,0,1,0,1,1,0,0,1|1,0,0,0,1,0,0,1,0|1,1,1,1,0,0,0,0,0|0,0,0,0,1,1,1,0,0|0,0,0,0,0,0,0,0,0|
003|006|003|1530|03/11/2019|Digital|1,0,1,0,1,0,1,0,1|1,1,0,0,1,1,0,1,1|1,1,0,0,1,1,0,1,1|1,1,0,0,1,1,0,1,1|1,1,0,0,1,1,0,1,1|1,1,0,0,1,1,0,1,1|1,1,0,0,1,1,0,1,1|1,1,0,0,1,1,0,1,1|
003|001|003|1700|03/11/2019|Digital|0,0,0,0,0,1,1,1,0|1,1,1,1,0,0,0,0,0|1,1,0,0,1,1,0,0,0|1,1,1,1,1,1,1,0,0|1,1,1,1,1,1,1,0,0|1,1,1,1,0,1,1,1,0|1,1,1,1,1,1,1,1,1|1,1,1,1,1,1,1,1,1|
003|005|003|1930|03/11/2019|3D|0,0,0,0,0,0,0,0,0|0,0,0,0,0,0,0,0,0|0,0,0,0,0,1,1,1,1|0,0,0,0,0,0,0,0,0|0,0,0,1,1,1,1,1,1|1,1,1,1,1,0,0,1,0|1,0,1,0,1,0,1,0,1|0,0,0,0,0,1,1,1,1|
003|001|003|0900|04/11/2019|Digital|0,0,0,0,0,1,1,1,0|1,1,1,1,0,0,0,0,0|1,1,0,0,1,1,0,0,0|1,1,1,1,1,1,1,0,0|1,1,1,1,1,1,1,0,0|1,1,1,1,0,1,1,1,0|1,1,1,1,1,1,1,1,1|1,1,1,1,1,1,1,1,1|
003|002|003|1200|04/11/2019|3D|0,0,0,0,0,0,0,0,0|1,0,1,1,0,0,0,0,0|1,1,0,1,1,0,0,1,0|1,0,0,1,1,0,1,0,0|1,1,1,0,1,0,1,0,1|1,0,0,1,0,0,0,1,0|1,1,1,0,1,0,0,0,0|1,1,0,0,0,0,0,0,0|
003|003|003|1500|04/11/2019|3D|0,0,0,0,0,1,1,1,0|0,1,0,0,0,1,1,1,0|1,0,1,0,1,0,1,1,0|1,0,0,1,0,1,0,0,1|1,1,1,1,1,1,1,1,0|0,0,1,1,0,1,0,0,0|0,0,1,1,1,1,0,0,0|1,1,1,1,1,1,1,1,1|
003|004|003|1700|04/11/2019|IMAX|0,0,0,0,0,0,0,0,0|0,0,0,0,0,0,0,0,0|0,0,1,0,0,0,0,0,1|1,0,0,0,1,0,0,0,0|0,0,0,1,0,0,0,0,0|0,0,0,0,1,0,0,0,0|0,1,0,1,1,0,0,1,1|1,0,0,1,1,1,0,0,1|
003|005|003|1900|04/11/2019|Digital|0,0,0,0,0,0,0,0,0|0,0,0,0,0,0,0,0,0|0,0,0,0,0,0,0,0,0|0,0,0,0,0,0,0,0,0|0,0,0,0,0,0,0,0,0|0,0,0,0,0,0,0,0,0|0,0,0,0,0,0,0,0,0|0,0,0,0,0,0,0,0,1|
003|006|003|2030|04/11/2019|3D|0,0,0,0,0,0,0,0,0|0,0,0,0,0,0,0,0,0|0,0,0,0,0,0,0,0,0|0,0,1,1,1,1,1,0,0|0,0,1,1,1,1,1,0,0|0,0,1,1,1,1,1,0,0|0,0,0,1,1,1,1,0,0|0,0,0,1,1,1,1,1,0|
003|004|003|0900|05/11/2019|Digital|0,0,0,0,0,1,1,1,0|1,1,1,1,0,0,0,0,0|1,1,0,0,1,1,0,0,0|1,1,1,1,1,1,1,0,0|1,1,1,1,1,1,1,0,0|1,1,1,1,0,1,1,1,0|1,1,1,1,1,1,1,1,1|1,1,1,1,1,1,1,1,1|
003|001|003|1100|05/11/2019|Digital|0,0,0,0,0,0,0,0,0|0,0,0,0,0,1,1,1,1|0,0,0,0,0,1,1,1,1|1,1,1,1,1,1,1,0,0|1,1,1,1,1,1,0,0,0|1,1,1,1,1,1,1,1,1|1,1,1,1,1,1,0,1,1|1,1,0,1,0,1,1,1,1|
003|002|003|1330|05/11/2019|3D|0,0,0,0,0,0,0,0,0|0,0,0,0,0,0,0,0,0|0,0,0,0,0,1,1,1,1|0,0,0,0,0,0,0,0,0|0,0,0,1,1,1,1,1,1|1,1,1,1,1,0,0,1,0|1,0,1,0,1,0,1,0,1|0,0,0,0,0,1,1,1,1|
003|003|003|1600|05/11/2019|Digital|0,0,0,0,0,0,0,1,1|0,0,0,0,0,1,1,1,0|0,0,0,0,0,1,1,1,1|0,0,0,1,1,1,0,0,0|1,0,0,0,1,0,1,0,1|1,0,0,0,0,0,0,1,1|0,0,0,0,1,1,1,1,0|1,0,1,0,1,0,1,1,1|
003|006|003|1800|05/11/2019|IMAX|1,0,1,0,1,0,1,0,1|1,1,0,0,1,1,0,1,1|1,1,0,0,1,1,0,1,1|1,1,0,0,1,1,0,1,1|1,1,0,0,1,1,0,1,1|1,1,0,0,1,1,0,1,1|1,1,0,0,1,1,0,1,1|1,1,0,0,1,1,0,1,1|
003|005|003|1930|05/11/2019|IMAX|0,0,0,0,0,0,0,0,0|0,0,0,0,0,0,0,0,0|0,0,0,0,0,0,0,0,0|0,0,1,1,1,1,1,0,0|0,0,1,1,1,1,1,0,0|0,0,1,1,1,1,1,0,0|0,0,0,1,1,1,1,0,0|0,0,0,1,1,1,1,1,0|
003|001|003|0900|06/11/2019|3D|0,0,0,0,0,1,1,1,0|0,1,0,0,0,1,1,1,0|1,0,1,0,1,0,1,1,0|1,0,0,1,0,1,0,0,1|1,1,1,1,1,1,1,1,0|0,0,1,1,0,1,0,0,0|0,0,1,1,1,1,0,0,0|1,1,1,1,1,1,1,1,1|
003|002|003|1200|06/11/2019|Digital|0,0,0,0,0,0,0,0,1|1,0,0,0,0,0,0,0,0|0,0,0,0,1,1,1,1,0|1,1,1,0,0,0,1,1,1|1,1,1,1,0,1,1,1,1|1,0,0,1,0,1,0,0,1|1,0,1,0,1,0,1,0,0|1,1,1,1,1,1,1,1,1|
003|003|003|1500|06/11/2019|3D|0,0,0,0,0,0,0,0,0|0,0,0,0,0,0,0,0,0|0,0,0,0,0,0,0,0,0|0,0,1,1,1,1,1,0,0|0,0,1,1,1,1,1,0,0|0,0,1,1,1,1,1,0,0|0,0,0,1,1,1,1,0,0|0,0,0,1,1,1,1,1,0|
003|004|003|1700|06/11/2019|Digital|0,0,0,0,0,1,1,1,0|1,1,1,1,0,0,0,0,0|1,1,0,0,1,1,0,0,0|1,1,1,1,1,1,1,0,0|1,1,1,1,1,1,1,0,0|1,1,1,1,0,1,1,1,0|1,1,1,1,1,1,1,1,1|1,1,1,1,1,1,1,1,1|
003|005|003|1900|06/11/2019|Digital|0,0,0,0,0,0,0,0,0|0,0,0,0,0,0,0,0,0|0,0,1,0,0,0,0,0,1|1,0,0,0,1,0,0,0,0|0,0,0,1,0,0,0,0,0|0,0,0,0,1,0,0,0,0|0,1,0,1,1,0,0,1,1|1,0,0,1,1,1,0,0,1|
003|006|003|2030|06/11/2019|IMAX|0,0,0,0,0,0,0,0,0|1,0,1,1,0,0,0,0,0|1,1,0,1,1,0,0,1,0|1,0,0,1,1,0,1,0,0|1,1,1,0,1,0,1,0,1|1,0,0,1,0,0,0,1,0|1,1,1,0,1,0,0,0,0|1,1,0,0,0,0,0,0,0|
003|001|003|0900|07/11/2019|Digital|0,0,0,0,0,0,0,0,0|1,0,1,1,0,0,0,0,0|1,1,0,1,1,0,0,1,0|1,0,0,1,1,0,1,0,0|1,1,1,0,1,0,1,0,1|1,0,0,1,0,0,0,1,0|1,1,1,0,1,0,0,0,0|1,1,0,0,0,0,0,0,0|
003|002|003|1200|07/11/2019|Digital|0,0,0,0,1,0,0,0,1|0,0,1,1,0,0,1,0,1|0,0,0,0,1,1,1,0,0|1,1,1,0,0,0,1,1,1|1,0,0,1,0,1,0,0,0|0,0,1,1,0,0,1,0,1|1,0,1,0,0,0,0,0,0|0,0,0,1,1,1,1,1,1|
003|003|003|1500|07/11/2019|3D|0,0,0,0,0,1,1,1,0|0,1,0,0,0,1,1,1,0|1,0,1,0,1,0,1,1,0|1,0,0,1,0,1,0,0,1|1,1,1,1,1,1,1,1,0|0,0,1,1,0,1,0,0,0|0,0,1,1,1,1,0,0,0|1,1,1,1,1,1,1,1,1|
003|004|003|1700|07/11/2019|IMAX|0,0,0,0,0,0,0,0,0|0,0,0,0,0,1,1,1,1|0,0,0,0,0,1,1,1,1|1,1,1,1,1,1,1,0,0|1,1,1,1,1,1,0,0,0|1,1,1,1,1,1,1,1,1|1,1,1,1,1,1,0,1,1|1,1,0,1,0,1,1,1,1|
003|005|003|1900|07/11/2019|Digital|0,0,0,0,0,0,0,0,1|1,0,0,0,0,0,0,0,0|0,0,0,0,1,1,1,1,0|1,1,1,0,0,0,1,1,1|1,1,1,1,0,1,1,1,1|1,0,0,1,0,1,0,0,1|1,0,1,0,1,0,1,0,0|1,1,1,1,1,1,1,1,1|
003|006|003|2030|07/11/2019|3D|0,0,0,0,0,0,0,0,0|0,0,0,0,0,0,0,0,0|0,0,0,0,0,0,0,0,0|0,0,0,0,0,0,0,0,0|0,0,0,0,0,0,0,0,0|0,0,0,0,0,0,0,0,0|0,0,0,0,0,0,0,0,0|0,0,0,0,0,0,0,0,1|